0
0
0
0
0
0
0
0
0
0
0
0
0
0
0
0
0
0
0
0
0
0
0
0
0
0
0
0
0
0
0
0
0
0
0
0
0
0
0
0
0
0
0
0
0
0
0
0
0
0
0
0
0
0
0
0
0
0
0
0
0
0
0
0
0
0
0
0
0
0
0
0
0
0
0
0
0
0
0
0
0
0
0
0
0
0
0
0
0
0
0
0
0
0
0
0
0
.107666015625
.07373046875
0
.6015625
.149658203125
0
.212890625
.7548828125
0
.288818359375
.034912109375
0
.019775390625
.025634765625
0
.150390625
.100830078125
0
.2861328125
.285400390625
0
.161865234375
0
0
0
.274169921875
0
0
.55126953125
0
.63232421875
.06884765625
0
.239501953125
.373291015625
0
0
0
0
.462158203125
.282470703125
0
.21337890625
0
0
.515625
.361572265625
0
0
.1923828125
0
0
.017578125
0
0
.40576171875
0
.208984375
0
0
.453857421875
.6064453125
0
.294921875
0
0
0
.339599609375
0
0
.0380859375
0
0
.376953125
0
0
0
0
.34912109375
.572509765625
0
.22412109375
.211669921875
0
0
.09912109375
0
0
0
0
.0126953125
.28173828125
0
0
0
0
0
0
0
.317138671875
.459716796875
0
.187744140625
.560791015625
0
0
.00048828125
0
0
0
0
.09130859375
.037353515625
0
.10302734375
.3095703125
0
.41259765625
0
0
0
.159912109375
0
0
.250244140625
0
.510986328125
.28271484375
0
.220458984375
.439453125
0
0
0
0
.150634765625
.11767578125
0
.14453125
.18798828125
0
.257568359375
.3427734375
0
0
0
0
0
0
0
0
.083740234375
0
.2490234375
.066162109375
0
.167724609375
.438720703125
0
.16552734375
.070068359375
0
0
.17333984375
0
0
0
0
0
.455322265625
0
0
0
0
.135986328125
.641845703125
0
.294921875
.2109375
0
0
.024169921875
0
.062744140625
0
0
0
0
0
0
0
0
.05322265625
0
0
.38427734375
.419677734375
0
.158935546875
.470458984375
0
.4189453125
.174560546875
0
.27392578125
.14794921875
0
.05322265625
.26416015625
0
.431640625
.411376953125
0
.052734375
0
0
.16552734375
.122314453125
0
.2734375
.3056640625
0
.470458984375
.163818359375
0
.303955078125
.640380859375
0
0
0
0
.082275390625
.049560546875
0
.232666015625
.35888671875
0
.215087890625
.462646484375
0
0
0
0
0
0
0
0
0
0
.341552734375
.24560546875
0
.55615234375
.161376953125
0
.279541015625
0
0
.104736328125
.5732421875
0
0
0
0
0
0
0
0
0
0
.03564453125
.1689453125
0
.38720703125
.29248046875
0
0
0
0
.112548828125
0
0
.063232421875
0
0
0
0
0
.001708984375
.046630859375
0
.479736328125
.3271484375
0
.450927734375
.35009765625
0
0
.27587890625
0
0
0
0
.29248046875
.095947265625
0
.15966796875
.228271484375
0
.214599609375
.288330078125
0
.19091796875
.359619140625
0
.00146484375
.203857421875
0
.69580078125
.078125
0
.574462890625
.52294921875
0
0
0
0
.190185546875
0
0
.28662109375
.04833984375
0
.682861328125
.357177734375
0
0
0
0
0
0
0
.01904296875
.32958984375
0
.37744140625
0
0
.51123046875
.313232421875
0
.20947265625
.032470703125
0
.1826171875
0
0
0
0
0
0
.156494140625
0
0
0
0
.225341796875
.417236328125
0
.3994140625
.12109375
0
0
.41064453125
0
.067626953125
.08447265625
0
.190185546875
.0458984375
0
0
0
0
0
.208251953125
0
.35888671875
.348388671875
0
.16455078125
.2138671875
0
.134765625
.73486328125
0
0
.268310546875
0
.12158203125
.028076171875
0
.253662109375
.522705078125
0
.248291015625
0
0
.335693359375
.435791015625
0
.06884765625
.524658203125
0
.547119140625
0
0
.682861328125
.46435546875
0
0
0
0
.235595703125
.0859375
0
.05615234375
0
0
.6259765625
.3037109375
0
0
.14306640625
0
0
.242431640625
0
.30126953125
.43017578125
0
.28125
.135009765625
0
.462890625
.29345703125
0
0
0
0
0
.063720703125
0
0
0
0
0
.10498046875
0
0
0
0
.026611328125
.462890625
0
.239013671875
.270751953125
0
0
.2421875
0
0
0
0
0
.077392578125
0
0
0
0
0
.11328125
0
.296630859375
.051025390625
0
.358154296875
.205810546875
0
.418212890625
.2841796875
0
0
0
0
.19580078125
.18212890625
0
0
.02587890625
0
.06982421875
.090087890625
0
.341796875
.232666015625
0
0
.1259765625
0
.5126953125
0
0
.510009765625
0
0
0
.023681640625
0
.074951171875
0
0
.08642578125
.035888671875
0
.16015625
.097412109375
0
0
.15185546875
0
0
.24267578125
0
0
.00634765625
0
0
0
0
.284423828125
.15771484375
0
0
.4404296875
0
0
0
0
.118408203125
.264892578125
0
0
.185546875
0
0
.1484375
0
.08154296875
.131591796875
0
.2578125
.054931640625
0
.25341796875
0
0
0
.07080078125
0
.096435546875
.09228515625
0
0
0
0
0
.068115234375
0
.206298828125
.11328125
0
.333740234375
.568359375
0
0
0
0
0
.084228515625
0
.036376953125
.1923828125
0
.11767578125
.14794921875
0
.24169921875
0
0
.366943359375
.338623046875
0
0
.467529296875
0
.48291015625
0
0
.48876953125
.04296875
0
0
0
0
.1220703125
0
0
.099609375
0
0
.22314453125
.06689453125
0
0
.0576171875
0
0
.08447265625
0
0
.25927734375
0
.032958984375
0
0
.548828125
.1669921875
0
.13671875
0
0
0
0
0
.12841796875
.323974609375
0
0
.130126953125
0
0
0
0
.084228515625
.25146484375
0
.240478515625
.32080078125
0
.17236328125
.029296875
0
0
.384765625
0
.1298828125
.4423828125
0
0
0
0
0
0
0
.276611328125
.1845703125
0
.42919921875
.2802734375
0
0
0
0
0
.049072265625
0
.090576171875
0
0
.267333984375
.399169921875
0
.456787109375
.0419921875
0
.10205078125
.28466796875
0
.01416015625
.114990234375
0
.42529296875
.001953125
0
.2783203125
.10546875
0
0
0
0
.394287109375
.37451171875
0
.14013671875
0
0
.198486328125
.046142578125
0
0
0
0
0
0
0
.0498046875
.082275390625
0
.303955078125
.152099609375
0
.34326171875
.500732421875
0
.0849609375
.097900390625
0
0
0
0
.041259765625
.24169921875
0
.049072265625
.411376953125
0
0
0
0
0
.087646484375
0
.206787109375
.43408203125
0
0
0
0
.076416015625
0
0
0
.14013671875
0
0
0
0
0
0
0
0
0
0
0
0
0
0
0
0
0
0
0
0
0
0
0
0
0
0
0
0
0
0
0
0
0
0
0
0
0
0
0
0
0
0
0
0
0
0
0
0
0
0
0
0
0
0
0
0
0
0
0
0
0
0
0
0
0
0
0
0
0
0
0
0
0
0
0
0
0
0
0
0
0
0
0
0
0
0
0
0
0
0
0
0
0
0
0
0
0
0
0
0
0
0
0
0
0
0
0
0
0
0
0
0
0
0
0
0
0
0
0
0
0
0
0
0
0
0
0
0
0
0
0
.264892578125
.0126953125
0
.4619140625
0
0
.955322265625
0
.28759765625
.99755859375
0
.076171875
0
0
0
.341796875
.603271484375
.956787109375
0
.421142578125
.454345703125
.4775390625
0
.7724609375
.291748046875
0
.34521484375
0
0
0
.41162109375
0
0
.330078125
.748779296875
0
.7685546875
.719970703125
.45654296875
0
.385498046875
.6640625
0
.192626953125
0
.58056640625
0
.3935546875
0
0
.2509765625
.291748046875
.5048828125
.009765625
0
.3291015625
.82177734375
0
.40185546875
.39013671875
0
0
.390380859375
0
.044677734375
.411376953125
.260986328125
.536376953125
.44091796875
.4248046875
.7412109375
0
.4365234375
.56591796875
0
0
0
.21435546875
.1259765625
.622314453125
0
.4248046875
.0927734375
.37646484375
.71875
.291259765625
0
0
.1787109375
.23291015625
.232666015625
.125244140625
0
0
.138427734375
0
.20556640625
.2041015625
.261474609375
0
0
.316650390625
.60009765625
.071533203125
.213134765625
.244873046875
0
0
0
0
.037841796875
.38427734375
0
.220947265625
.035400390625
.1240234375
.11962890625
.266357421875
0
.095947265625
0
.1396484375
0
.03271484375
0
.227783203125
0
0
.115966796875
.2265625
.248046875
.755859375
.346923828125
.04248046875
.849365234375
0
.076171875
1.255126953125
0
.00927734375
0
.010498046875
0
.118896484375
.188720703125
.472412109375
.48681640625
.1591796875
0
0
.210205078125
0
.22509765625
0
.110107421875
.22802734375
0
.011962890625
.1826171875
0
.156494140625
.4228515625
.255859375
.3701171875
0
.126708984375
.119140625
0
.099365234375
.345458984375
0
0
0
.0908203125
0
.602783203125
0
.41015625
.6083984375
0
.2236328125
.618896484375
.21923828125
.125
.7119140625
0
.24658203125
0
0
.495849609375
.1630859375
0
.11962890625
.089599609375
.048828125
0
0
.116455078125
.3310546875
.11767578125
.148193359375
.53173828125
.04541015625
0
0
0
0
.09716796875
.0576171875
.222900390625
.165771484375
.135498046875
.095947265625
.065673828125
0
.2724609375
.06640625
0
.04833984375
.107421875
.012451171875
.220947265625
.182373046875
0
.05078125
.00244140625
.594970703125
0
.084228515625
.23046875
.14306640625
.2265625
.25439453125
.364013671875
0
0
0
.2236328125
0
.02099609375
0
.021484375
.188720703125
0
.506103515625
0
.051025390625
.28369140625
.51953125
0
.203125
.470703125
.16162109375
0
.525390625
0
0
0
0
0
0
0
0
0
0
0
0
0
0
0
0
0
0
0
0
0
0
0
0
0
0
0
0
0
0
0
0
0
0
0
0
0
0
0
0
0
0
0
0
0
0
0
0
0
0
0
0
0
0
0
0
0
0
0
0
0
0
0
0
0
.12548828125
.002197265625
.051513671875
.549072265625
0
.125244140625
.890625
0
.26123046875
.984619140625
0
0
0
0
0
.5244140625
.387939453125
.976318359375
.103271484375
.099853515625
.19970703125
.42578125
0
.719970703125
.84521484375
0
.136962890625
0
0
0
.50732421875
0
.0068359375
.033203125
.22314453125
0
0
.124755859375
.747802734375
0
.382568359375
.743896484375
0
.307861328125
0
.255615234375
0
.3681640625
0
.28564453125
.2705078125
.0673828125
.257080078125
.188232421875
0
.491943359375
.431640625
0
.413818359375
0
0
.209228515625
.32763671875
0
.19091796875
.2314453125
.450439453125
.705322265625
.615478515625
.142822265625
.481201171875
0
.0712890625
.6396484375
0
.001708984375
0
.575439453125
0
.574462890625
0
.3134765625
.30078125
.140869140625
.61669921875
0
0
0
.173828125
0
.066650390625
.734130859375
0
0
.35986328125
0
.2119140625
.19677734375
0
.383544921875
0
.4599609375
.239990234375
0
.21826171875
.34765625
0
0
0
0
0
1
0
.31201171875
.3935546875
.329345703125
.39697265625
.4716796875
0
.18603515625
.3291015625
.0498046875
0
.099365234375
0
.5107421875
.1611328125
0
.1025390625
.12939453125
0
.459716796875
.08154296875
.172607421875
1.004638671875
0
0
1.233154296875
0
0
0
0
0
.372314453125
0
.531494140625
.21630859375
.369873046875
.158447265625
0
0
0
.07958984375
.077392578125
0
.31591796875
0
0
.413818359375
0
.113525390625
.206298828125
.031982421875
0
0
.1220703125
.19482421875
0
.111572265625
.446044921875
0
0
0
0
0
.500732421875
0
.493408203125
.398681640625
.10205078125
.431396484375
.655517578125
0
.076171875
.72802734375
0
.11279296875
0
0
.3310546875
.294189453125
0
.207275390625
.178466796875
.1279296875
.01025390625
0
.156494140625
.251953125
0
.050048828125
.104736328125
.029052734375
0
0
0
0
.2802734375
0
.08935546875
.2724609375
.1748046875
.22119140625
.160400390625
0
.1630859375
0
0
0
.18994140625
0
.062744140625
.091796875
0
.271484375
.2890625
0
0
0
.185791015625
.061767578125
.374755859375
.01953125
.34716796875
.052978515625
0
0
.21533203125
0
.085205078125
0
.072021484375
.1142578125
0
.13134765625
.168212890625
0
.196044921875
.174072265625
.02685546875
.062744140625
0
.041748046875
.261962890625
.101806640625
0
0
0
0
0
0
0
0
0
0
0
0
0
0
0
0
0
0
0
0
0
0
0
0
0
0
0
0
0
0
0
0
0
0
0
0
0
0
0
0
0
0
0
0
0
0
0
0
0
0
0
0
0
0
0
0
0
0
0
0
0
0
0
0
0
.067138671875
0
0
.579833984375
0
.2578125
.5859375
.0498046875
.170166015625
.360595703125
0
0
.19384765625
0
0
.548828125
.2099609375
.60400390625
0
.267822265625
.099853515625
.666259765625
0
.82861328125
.6689453125
.22900390625
0
0
0
0
.210205078125
0
.02978515625
0
.01123046875
0
0
.45263671875
1.061279296875
0
.462158203125
1.23291015625
0
0
0
0
0
.180419921875
.248291015625
.346435546875
.443115234375
.225830078125
.241455078125
0
.000732421875
.287109375
.17919921875
0
.142333984375
.241943359375
0
0
.32568359375
0
.2041015625
.065673828125
.519287109375
.1923828125
0
.39501953125
.50634765625
0
.128662109375
.6923828125
0
0
0
0
0
.686279296875
0
.1123046875
.26513671875
.181884765625
.218017578125
0
.677490234375
0
.4208984375
.0693359375
.054443359375
.297119140625
.00390625
.0595703125
.263916015625
0
.372802734375
.461669921875
.01025390625
.787353515625
.358154296875
.125732421875
.36181640625
0
.357666015625
.39697265625
0
.027099609375
0
.028076171875
.080078125
.135986328125
0
.29638671875
.57470703125
.042236328125
.413330078125
.068603515625
.331787109375
0
.2119140625
0
.23876953125
0
.04931640625
.298095703125
.204833984375
0
.19140625
.25341796875
.4609375
.311767578125
0
.427734375
.252197265625
0
.326171875
.437744140625
0
0
0
0
0
.36474609375
0
.083251953125
0
.11865234375
.470703125
0
.242919921875
.112548828125
.119140625
0
.080810546875
0
.080078125
.016357421875
.285888671875
0
.329833984375
.281005859375
.249755859375
0
.015380859375
.446044921875
.064697265625
0
.3818359375
.411865234375
.239990234375
.054443359375
0
.115966796875
0
.487060546875
0
.000244140625
.550537109375
.07275390625
.443115234375
0
0
0
.373046875
0
.0400390625
0
.042236328125
.327880859375
.126953125
0
.419677734375
.43310546875
0
.564453125
.24658203125
.173828125
.270751953125
0
.353515625
.191650390625
.30908203125
.138427734375
0
.037353515625
.01416015625
.3623046875
0
.24560546875
.3984375
.212646484375
.238525390625
0
.2646484375
.014892578125
0
0
.282958984375
.13134765625
.005126953125
.097900390625
.283935546875
0
.23291015625
.547607421875
.024169921875
.12939453125
0
.17236328125
.041259765625
.37255859375
.288330078125
.091552734375
.519287109375
.451416015625
0
.31201171875
.100341796875
.6103515625
0
0
.16552734375
.023193359375
.312744140625
.143310546875
0
0
.160888671875
0
.2265625
0
0
.1005859375
.18359375
0
0
0
0
0
0
0
0
0
0
0
0
0
0
0
0
0
0
0
0
0
0
0
0
0
0
0
0
0
0
0
0
0
0
0
0
0
0
0
0
0
0
0
0
0
0
0
0
0
0
0
0
0
0
0
0
0
0
0
0
0
0
0
0
0
.0224609375
0
.042236328125
.670166015625
.87548828125
.2314453125
.564208984375
0
.480224609375
.350341796875
.02001953125
0
.046875
.168212890625
.04638671875
.39013671875
.757080078125
.529296875
0
.49609375
.675537109375
.78466796875
0
.806396484375
.744384765625
.090576171875
0
.32958984375
0
0
.342041015625
0
.31298828125
.2275390625
0
1.283203125
.22265625
.22021484375
.93359375
0
.514404296875
1.445068359375
0
0
0
0
0
.4453125
.53076171875
.626220703125
.125
.59814453125
.11083984375
0
.10986328125
0
.011474609375
0
.124755859375
.039794921875
0
0
.18310546875
0
.12548828125
.26123046875
.28271484375
.323486328125
0
.3466796875
0
.27197265625
.50634765625
.52978515625
.072021484375
0
0
0
0
1.661376953125
.46435546875
.500244140625
1.09716796875
.2802734375
.642822265625
.71044921875
0
0
.864501953125
.54736328125
.321044921875
0
.2783203125
.62744140625
.13818359375
0
.305908203125
.083251953125
.09765625
.3515625
.003662109375
.15771484375
.16796875
.10693359375
.458251953125
.149169921875
.375732421875
0
0
0
0
1.0751953125
.504150390625
.536376953125
.435546875
.43701171875
.457763671875
.7392578125
0
.04736328125
.255615234375
.455810546875
.041748046875
0
.832763671875
.2470703125
.09326171875
0
.416748046875
.0859375
.126220703125
.058349609375
0
.566162109375
.107177734375
.419189453125
.677001953125
.365966796875
.253662109375
.03466796875
.20751953125
0
0
.578857421875
.344482421875
.187255859375
.32080078125
.165771484375
.34130859375
.065185546875
0
.2998046875
.060302734375
.33544921875
.200927734375
.04931640625
.4443359375
.25439453125
.07958984375
0
.300537109375
.244140625
0
.59326171875
.03515625
0
0
.39453125
.575927734375
.152587890625
.30322265625
.328125
.535400390625
0
0
.274658203125
.46435546875
.372802734375
.234130859375
0
.144775390625
0
0
.380615234375
.08935546875
.299560546875
.417724609375
0
.245849609375
0
.089599609375
0
.127685546875
0
0
.472412109375
.057373046875
0
0
.25732421875
.516357421875
.152587890625
.244384765625
.49560546875
.39208984375
0
.041259765625
.4873046875
.515869140625
.43359375
.0048828125
0
0
.0595703125
0
.495849609375
.181640625
.1396484375
.13330078125
0
.197509765625
.044189453125
.1708984375
0
.229248046875
0
0
0
0
0
0
.18212890625
.703125
.3212890625
.29296875
.782470703125
.60595703125
0
.142822265625
.263916015625
.68359375
.281005859375
.159423828125
0
.169921875
.113525390625
.18603515625
.563232421875
.462646484375
.18017578125
.077392578125
0
.224365234375
.17236328125
0
0
0
0
0
0
0
0
0
0
0
0
0
0
0
0
0
0
0
0
0
0
0
0
0
0
0
0
0
0
0
0
0
0
0
0
0
0
0
0
0
0
0
0
0
0
0
0
0
0
0
0
0
0
0
0
0
0
0
0
0
0
0
0
0
0
.060791015625
0
.541259765625
.33447265625
.95849609375
.191650390625
0
.421875
.5576171875
.7578125
0
0
.531005859375
.104248046875
0
.085693359375
.849365234375
.649658203125
.259521484375
.013671875
.27197265625
0
.071533203125
.882080078125
.781005859375
.17529296875
.087158203125
.05126953125
.039306640625
0
.452392578125
0
.167724609375
0
.095458984375
.60107421875
1.021240234375
0
.701171875
0
.410400390625
1.015869140625
0
0
0
0
0
.754150390625
.908203125
.87646484375
.170654296875
.455078125
.62255859375
.750244140625
0
.10791015625
.51904296875
0
0
0
0
0
.33837890625
0
.336181640625
.44970703125
.072998046875
.20068359375
0
.065673828125
.23193359375
0
.391357421875
.76318359375
.152099609375
0
.25341796875
.06591796875
0
.958984375
0
.667724609375
.98095703125
.3955078125
.296630859375
.22900390625
0
.398681640625
.40673828125
.072265625
.14453125
0
.002685546875
1.037109375
.17724609375
0
.311279296875
0
.02587890625
.262939453125
0
0
0
.470703125
.339599609375
.09228515625
.30322265625
.067138671875
.5458984375
0
0
.197998046875
.345947265625
.51611328125
.208251953125
.0087890625
0
0
.020263671875
.485595703125
0
.1572265625
.2470703125
0
.031494140625
.113525390625
.255615234375
.04248046875
.19921875
0
0
.147705078125
.005859375
0
0
.23095703125
.135009765625
.105224609375
.198974609375
.054443359375
.65234375
0
0
.039306640625
.342529296875
.32861328125
.02197265625
0
0
0
.089599609375
.45703125
0
.23681640625
.11083984375
0
.01220703125
.044677734375
.01171875
0
.10888671875
0
0
.028564453125
0
0
0
.23828125
.03564453125
.142578125
.121337890625
.036865234375
.617919921875
0
0
.198974609375
.484375
.367431640625
0
0
0
0
0
.420654296875
0
.166748046875
0
0
.023681640625
.131103515625
0
0
.218505859375
.06640625
0
.2880859375
.10546875
0
0
.033935546875
.041015625
.27392578125
.103759765625
.085693359375
.79248046875
0
0
.20068359375
.58251953125
.40478515625
.046630859375
0
0
0
.211181640625
.377197265625
0
.193115234375
0
0
.04296875
.04931640625
0
0
.298095703125
0
0
.177978515625
0
0
0
.2177734375
.123046875
.3271484375
.004150390625
.00634765625
.713623046875
0
0
.34814453125
.826171875
.631591796875
.309326171875
0
.328857421875
.366943359375
.064453125
.549560546875
.515380859375
.3125
0
0
.12109375
.669189453125
.005126953125
0
0
0
0
0
0
0
0
0
0
0
0
0
0
0
0
0
0
0
0
0
0
0
0
0
0
0
0
0
0
0
0
0
0
0
0
0
0
0
0
0
0
0
0
0
0
0
0
0
0
0
0
0
0
0
0
0
0
0
0
0
0
0
0
0
.26318359375
0
0
.34765625
0
.108154296875
0
.249755859375
0
.643798828125
0
0
.819580078125
.24462890625
0
.146484375
.67431640625
.77783203125
.3984375
0
0
.349365234375
0
1.03369140625
.546630859375
.20556640625
0
0
0
.2314453125
.332275390625
0
.31982421875
0
.0859375
0
.134765625
.259033203125
0
.45751953125
.363037109375
.341552734375
0
0
0
.11376953125
0
.30615234375
.879150390625
.49462890625
.27880859375
.410888671875
.154052734375
.32275390625
0
.470947265625
.43505859375
.117431640625
.140625
0
.06591796875
.249755859375
.5654296875
.127685546875
.446533203125
0
.12353515625
.14892578125
0
.0537109375
.01611328125
.32958984375
.30419921875
.5263671875
.067138671875
0
.426513671875
.205322265625
0
.383056640625
.08544921875
.629638671875
.619873046875
.31640625
.20263671875
0
0
.46533203125
.3564453125
.238525390625
.159912109375
0
.22412109375
.04443359375
.372802734375
.1689453125
.2197265625
0
0
0
0
.1181640625
0
.01416015625
.006591796875
.150634765625
.04296875
0
.58154296875
.217529296875
0
0
.541259765625
.380859375
.15576171875
0
.0615234375
.06494140625
0
.441650390625
.035888671875
.20654296875
0
0
.221435546875
.16552734375
.219482421875
.02685546875
.220703125
0
0
0
.08251953125
.03955078125
0
.091796875
0
.140380859375
.01806640625
0
.806884765625
.20556640625
0
0
.501220703125
.497802734375
.075439453125
0
0
.1767578125
0
.4228515625
.00146484375
.180908203125
0
0
.1103515625
.11669921875
.232666015625
0
.240966796875
.01416015625
.03271484375
0
.06103515625
.0830078125
0
.154296875
0
.387939453125
0
0
.68603515625
.174560546875
0
.11328125
.679443359375
.494384765625
.196044921875
0
0
.027587890625
.017333984375
.47607421875
.109130859375
.093994140625
0
0
.002685546875
.27734375
.3271484375
0
.25830078125
.07373046875
0
.307373046875
0
.03076171875
0
.187255859375
0
.232666015625
0
0
.96337890625
.15380859375
0
.467041015625
.69580078125
.71337890625
.21044921875
0
0
.25537109375
0
.247802734375
.133544921875
.169677734375
0
0
0
.523681640625
.2294921875
0
.48583984375
0
0
0
0
.025390625
0
.33349609375
.09912109375
.390380859375
0
0
.29345703125
.09228515625
0
.404296875
.674560546875
.749267578125
.50048828125
.043212890625
.1962890625
.344970703125
0
.651611328125
.32421875
.213134765625
.060791015625
0
.093994140625
.884033203125
.5185546875
0
0
0
0
0
0
0
0
0
0
0
0
0
0
0
0
0
0
0
0
0
0
0
0
0
0
0
0
0
0
0
0
0
0
0
0
0
0
0
0
0
0
0
0
0
0
0
0
0
0
0
0
0
0
0
0
0
0
0
0
0
0
0
0
0
0
0
0
0
0
0
0
0
0
0
0
0
0
0
0
0
0
0
0
0
0
0
0
0
0
0
0
0
0
0
0
0
0
0
0
0
0
0
0
0
0
0
0
0
0
0
0
0
0
0
0
0
0
0
0
0
0
0
0
0
0
0
0
0
0
0
0
0
0
0
0
0
0
0
0
0
0
0
0
0
0
0
0
0
0
0
0
0
0
0
0
0
0
0
0
0
0
0
0
0
0
0
0
0
0
0
0
0
0
0
0
0
0
0
0
0
0
0
0
0
0
0
0
0
0
0
0
0
0
0
0
0
0
0
0
0
0
0
0
0
0
0
0
0
0
0
0
0
0
0
0
0
0
0
0
0
0
0
0
0
0
0
0
0
0
0
0
0
0
0
0
0
0
0
0
0
0
0
0
0
0
0
0
0
0
0
0
0
0
0
0
0
0
0
0
0
0
0
0
0
0
0
0
0
0
0
0
0
0
0
0
0
0
0
0
0
0
0
0
0
0
0
0
0
0
0
0
0
0
0
0
0
0
0
0
0
0
0
0
0
0
0
0
0
0
0
0
0
0
0
0
0
0
0
0
0
0
0
0
0
0
0
0
0
0
0
0
0
0
0
0
0
0
0
0
0
0
0
0
0
0
0
0
0
0
0
0
0
