0
0
0
0
0
0
0
0
0
0
0
0
0
0
0
0
0
0
0
0
0
0
0
0
0
0
0
0
0
0
0
0
0
0
0
0
0
0
0
0
0
0
0
0
0
0
0
0
0
0
0
0
0
0
0
0
0
0
0
0
0
0
0
0
0
.198974609375
0
0
0
0
0
.66796875
0
0
0
0
0
0
0
0
0
0
0
.429443359375
0
0
0
0
0
0
0
.337646484375
0
0
0
0
0
.151123046875
.3173828125
.192626953125
0
0
0
0
0
0
0
0
0
0
0
0
0
0
0
0
0
0
0
0
0
0
0
0
0
0
0
0
.093017578125
0
0
.178955078125
0
0
0
0
0
0
0
0
0
0
0
0
0
0
0
0
0
0
0
0
0
0
0
0
0
0
0
0
0
0
0
0
.3193359375
0
.152587890625
0
0
0
0
0
0
0
0
0
0
0
0
0
0
0
0
0
0
0
0
0
0
0
0
0
0
0
0
0
0
0
0
0
0
0
0
0
.124267578125
0
0
0
0
0
0
0
0
0
0
0
0
.24462890625
0
0
0
0
0
0
0
0
0
0
0
0
0
0
.00537109375
.528564453125
0
0
0
.2734375
.86279296875
.641357421875
.291748046875
1.00537109375
0
0
.12060546875
.117919921875
.5234375
0
0
.43603515625
0
0
0
0
0
0
0
0
0
0
0
0
0
0
0
0
0
0
0
0
.00244140625
0
0
0
0
0
0
0
0
0
.30810546875
.85009765625
0
0
0
0
0
0
0
.305908203125
0
0
0
0
0
0
0
0
0
0
0
0
0
.341796875
0
0
0
0
.162109375
0
0
.882568359375
0
0
0
0
0
0
0
.732421875
0
0
0
0
0
0
0
0
0
0
.07763671875
0
0
0
.02099609375
0
0
0
.050537109375
.129150390625
0
0
.213134765625
0
0
.635986328125
.227294921875
.180419921875
.55419921875
.321044921875
.143798828125
0
0
.663818359375
.786376953125
0
.048828125
0
0
0
0
.172607421875
0
0
0
0
0
0
0
0
0
0
0
0
0
0
0
0
0
0
0
0
0
0
0
.144287109375
0
0
.523193359375
.172607421875
0
.312255859375
0
0
0
0
0
0
0
.007568359375
0
0
0
0
0
0
.03173828125
0
0
0
0
0
0
0
0
0
0
0
0
0
0
.342529296875
0
0
0
0
0
.83935546875
.26171875
0
0
0
0
0
0
0
0
0
0
0
0
0
0
0
0
0
0
0
0
.29638671875
0
.245849609375
.1064453125
0
0
0
0
0
0
0
0
0
0
0
0
0
0
0
0
0
0
0
0
0
0
.0615234375
0
.03466796875
0
0
0
0
0
.03662109375
0
0
.066162109375
.232177734375
0
0
0
.21484375
0
.4267578125
.5693359375
0
0
.0576171875
.224853515625
0
0
0
0
0
0
.134765625
.0322265625
0
0
.054443359375
.497802734375
.0302734375
0
0
0
0
0
0
0
0
0
0
0
0
0
0
0
0
0
0
0
0
0
0
0
0
0
0
0
0
0
0
0
0
0
0
0
0
0
0
0
0
0
0
0
0
0
0
0
0
0
0
0
1.011474609375
.439697265625
.02197265625
0
0
0
0
0
.107177734375
0
0
0
0
0
0
0
0
0
0
0
0
0
0
0
0
0
0
0
0
0
0
0
0
0
0
0
.298095703125
0
0
0
0
0
0
0
.0361328125
0
0
0
.02294921875
0
0
0
0
0
0
0
0
0
0
0
0
0
0
0
0
0
0
0
0
0
0
0
0
0
0
0
0
0
0
0
0
.119140625
0
0
0
0
0
0
0
0
0
0
0
.066162109375
0
0
0
0
0
.364013671875
0
0
0
0
0
.64697265625
0
0
0
0
.0322265625
.531982421875
.302490234375
.450927734375
0
0
0
0
0
.2099609375
.42578125
0
0
0
0
0
0
0
0
0
0
0
0
0
0
0
0
0
0
0
0
0
0
0
0
0
0
0
0
0
0
0
0
0
0
.204345703125
0
0
0
0
0
0
0
0
0
0
0
0
0
0
0
0
0
0
0
0
0
0
0
0
0
0
0
0
0
0
0
0
0
0
0
0
0
0
0
0
.098876953125
0
0
0
0
.1689453125
0
.163330078125
.541259765625
0
0
0
0
0
0
0
0
.693359375
0
0
0
.6728515625
.340576171875
.447998046875
.39599609375
0
0
0
0
.102294921875
.40283203125
0
.56494140625
0
0
.350341796875
0
0
0
0
0
0
0
0
0
0
0
0
0
0
0
0
0
0
0
0
0
0
0
0
0
0
0
0
0
0
.026123046875
0
.105224609375
0
0
0
0
0
0
0
0
.53857421875
.241943359375
0
0
0
0
0
.485595703125
.2548828125
0
0
0
0
0
0
0
0
0
0
0
0
0
0
0
0
0
0
0
0
0
0
0
0
0
0
0
0
0
0
0
0
0
0
0
0
0
0
0
0
0
0
0
0
.167724609375
0
0
.2099609375
.275634765625
.177978515625
.104248046875
0
0
0
0
0
0
0
0
0
0
0
0
0
0
0
0
0
0
0
0
0
0
0
0
0
0
0
0
0
0
0
0
0
0
0
0
0
0
0
0
0
0
0
0
0
0
0
0
0
0
0
0
0
0
0
0
0
.063232421875
0
0
0
0
0
0
.374267578125
.26416015625
0
.0556640625
0
0
.173828125
0
0
.120849609375
0
0
0
.198486328125
.40576171875
0
0
.93896484375
0
0
0
0
0
0
0
.644287109375
0
0
0
0
0
0
0
0
.049560546875
0
0
0
0
0
0
.3017578125
0
0
0
0
0
0
0
.915283203125
0
0
0
0
0
.24462890625
0
0
0
0
0
0
0
0
0
0
0
0
0
0
0
0
0
0
0
0
0
.064453125
0
.128173828125
0
0
0
0
0
0
.029052734375
.06591796875
0
0
.396728515625
0
0
0
0
0
0
0
0
0
0
0
0
0
0
0
0
0
0
0
0
0
0
0
0
0
0
0
0
0
0
0
0
0
0
0
0
0
0
0
0
0
0
0
0
0
0
0
0
0
0
0
0
0
0
0
0
0
.155517578125
0
.225830078125
0
0
0
0
0
0
0
0
0
0
0
0
0
0
0
0
0
0
0
0
0
0
0
0
0
0
0
0
0
0
0
0
0
0
0
0
0
0
0
.044189453125
0
0
0
0
0
0
0
0
0
0
0
0
.16748046875
0
0
0
0
0
0
0
0
0
0
0
0
0
0
.02099609375
0
0
0
0
0
0
0
0
0
0
0
0
0
0
0
0
0
.244384765625
0
0
0
0
0
.473876953125
1.1142578125
.338623046875
0
0
0
0
1.1904296875
.872802734375
0
0
0
0
0
0
0
0
0
0
0
0
0
0
0
0
0
0
0
0
0
0
0
0
0
0
0
0
0
0
0
0
0
0
0
0
0
0
0
0
.021240234375
.710693359375
.113525390625
0
0
0
0
0
0
0
0
0
0
0
0
0
0
0
0
0
0
0
0
0
0
0
0
0
0
0
0
0
0
0
0
0
0
0
0
0
0
0
0
.11572265625
.272705078125
0
1.05078125
0
0
0
0
.4619140625
.549072265625
0
.46240234375
0
0
0
0
.23974609375
0
0
0
0
0
0
0
0
0
0
0
.08935546875
0
0
0
0
0
0
0
0
0
0
0
0
0
0
0
0
0
0
0
0
0
0
0
.048583984375
0
0
.0048828125
0
0
0
0
0
0
0
0
0
0
0
0
0
0
0
0
0
.0107421875
0
0
0
0
0
0
0
0
0
0
0
0
0
0
0
0
0
0
0
0
0
0
0
0
0
0
0
0
0
0
0
0
0
.54736328125
0
.006591796875
0
0
0
0
0
0
0
0
0
0
0
0
0
0
0
0
0
0
0
0
0
0
0
0
0
0
0
0
0
0
0
0
0
0
0
.179931640625
0
0
0
0
0
0
0
0
0
0
0
0
.06640625
0
0
0
.107177734375
0
0
0
0
0
0
.373779296875
.723876953125
.186767578125
0
0
0
0
0
0
0
0
0
0
0
0
0
0
0
0
0
0
.18798828125
.574951171875
0
0
0
0
.181640625
0
0
0
.12451171875
0
0
0
0
0
0
0
0
0
0
0
0
.090087890625
0
0
.012451171875
.143310546875
0
0
0
.194091796875
.40771484375
.45947265625
0
0
0
0
0
.6708984375
.14892578125
0
0
0
0
0
.38427734375
.13134765625
0
0
0
0
0
0
0
0
0
0
0
0
0
0
0
0
0
0
0
0
0
0
0
0
0
0
0
0
0
0
0
.064697265625
0
0
0
0
0
0
0
0
0
.148681640625
.3427734375
0
.124267578125
.489501953125
0
0
0
0
0
0
0
0
0
0
0
0
0
0
0
0
0
0
0
0
0
0
0
0
0
0
0
0
0
0
0
0
0
0
.152099609375
0
0
0
0
0
0
0
0
0
0
0
0
0
0
0
0
0
.135009765625
0
0
.52490234375
.039306640625
0
0
0
.313720703125
0
0
.41943359375
0
0
0
0
0
0
0
0
0
0
0
0
0
0
0
0
0
0
0
0
0
0
0
0
0
0
0
0
0
0
0
0
0
0
0
0
0
0
0
0
0
0
0
0
0
0
0
0
0
0
0
0
0
0
0
0
0
0
0
0
0
0
0
0
0
0
0
0
.17724609375
0
.2099609375
.005126953125
0
0
.044921875
.03369140625
0
0
0
0
0
0
0
0
0
0
0
0
0
0
0
0
0
0
0
0
0
0
0
0
0
0
0
0
0
0
0
0
0
0
0
0
0
0
0
0
0
0
0
0
0
0
0
0
0
0
0
0
0
.185546875
.678955078125
.6484375
.49951171875
.12744140625
0
0
0
.137939453125
.465576171875
0
0
0
0
0
0
0
0
0
0
0
0
0
0
0
0
0
.188720703125
0
0
0
0
0
0
0
.5048828125
.2724609375
0
.30615234375
0
0
0
0
0
.2880859375
0
0
0
0
0
0
0
0
0
0
0
0
0
0
0
0
0
0
0
0
0
0
0
0
0
0
0
0
0
0
0
0
0
0
0
0
0
0
0
0
.006591796875
0
0
0
0
0
0
0
0
0
0
0
0
0
0
0
0
0
.32421875
0
0
.030029296875
.106201171875
.15283203125
0
0
0
0
0
.68310546875
.300048828125
.144287109375
0
0
0
0
0
0
0
0
0
0
.205322265625
0
0
0
0
0
0
0
.444580078125
0
0
0
0
0
0
0
.071044921875
0
0
0
0
0
0
.14794921875
0
0
0
0
0
0
0
0
0
0
0
0
0
0
0
0
0
0
0
0
0
0
0
0
0
0
0
0
0
.2763671875
0
0
0
0
0
0
0
0
0
0
0
0
0
0
0
0
0
0
0
0
0
0
0
0
0
0
0
0
0
0
0
0
.482177734375
.99658203125
.739013671875
.7119140625
.213623046875
0
0
0
0
0
0
0
0
0
0
0
0
0
0
0
0
0
0
0
0
0
0
0
0
0
0
0
0
0
0
0
0
0
0
0
0
0
0
0
0
0
0
0
0
0
0
0
0
0
0
0
0
0
0
0
0
0
0
0
0
.010986328125
0
0
0
.05517578125
.083740234375
.03271484375
0
0
0
0
0
.2421875
0
0
0
0
0
0
0
0
0
0
0
0
0
0
0
0
0
0
.001953125
0
0
0
.2021484375
0
0
.450927734375
.119140625
0
0
.864013671875
.32373046875
.259521484375
1.163330078125
1.36572265625
0
0
0
1.239501953125
.404052734375
.426513671875
.494873046875
1.419189453125
0
0
0
.6318359375
0
0
.031494140625
.47021484375
0
0
0
0
0
0
0
0
0
0
0
0
0
0
0
0
0
0
0
0
0
0
0
0
0
0
0
0
0
0
0
0
0
0
0
0
0
0
0
0
0
0
0
0
.0537109375
.466796875
.186767578125
0
0
0
0
0
0
0
0
0
.041748046875
.49609375
.220703125
0
0
0
0
0
0
0
0
0
0
.28515625
.009765625
0
.081298828125
0
0
0
0
.47802734375
.172119140625
0
.094970703125
0
0
0
0
.2568359375
.12255859375
0
0
0
0
0
0
0
0
0
0
0
0
0
.261962890625
0
0
.153564453125
0
0
.335205078125
0
0
0
0
.51318359375
0
0
.0478515625
.40771484375
0
0
0
1.18896484375
0
0
0
0
0
0
0
.43994140625
0
0
0
0
0
0
0
0
0
0
0
.00244140625
.1826171875
0
.010009765625
0
0
0
0
0
.87255859375
0
.190185546875
0
0
0
.2138671875
0
0
0
0
0
0
0
0
0
0
0
0
0
0
0
0
0
0
0
0
0
0
0
0
0
0
0
0
0
0
0
0
0
0
0
0
0
0
0
0
0
0
0
0
0
0
0
0
0
0
0
0
0
0
0
0
0
0
0
.0888671875
0
0
0
0
0
0
0
0
0
0
0
0
0
0
0
0
0
0
0
0
0
0
0
0
0
0
0
0
0
0
0
0
0
0
0
0
0
0
0
0
0
0
0
0
0
0
0
0
0
0
.534423828125
.265625
0
0
.038330078125
0
.201416015625
.18701171875
.268310546875
.133056640625
0
0
.4541015625
.256591796875
0
0
.295166015625
0
0
0
0
0
0
0
0
0
0
0
0
0
0
0
0
0
0
0
0
0
0
0
.365234375
0
0
0
0
0
0
0
0
0
0
0
0
0
0
0
0
0
0
.027587890625
0
0
0
0
0
0
0
0
0
0
0
0
0
.110107421875
0
.15869140625
0
0
0
0
0
.1796875
.190673828125
0
0
.140869140625
0
0
1.12451171875
.2841796875
1.01904296875
0
.679931640625
.840087890625
.184326171875
0
1.72314453125
0
0
0
.213623046875
0
0
0
.530517578125
0
0
0
0
0
0
0
0
0
0
0
0
0
0
0
0
0
0
0
.0380859375
0
0
0
0
0
.254150390625
.33544921875
0
0
0
0
0
0
0
0
0
0
0
0
0
0
0
0
0
0
0
0
0
0
.181884765625
0
0
.33349609375
.2763671875
0
0
0
0
0
.24072265625
.661376953125
0
.4208984375
0
0
0
.095703125
.363037109375
.343994140625
0
0
0
0
.197021484375
0
0
0
0
0
.0439453125
0
0
0
0
0
.311279296875
0
0
0
0
0
0
0
0
0
0
0
0
0
0
0
0
0
0
0
0
0
0
0
0
0
0
0
0
0
0
0
0
0
0
0
0
0
0
0
0
0
0
0
.75048828125
.056884765625
0
0
0
0
0
0
.684326171875
0
0
0
0
.27734375
0
0
0
0
0
0
0
0
0
0
0
0
0
0
0
0
0
0
.007080078125
.052978515625
0
0
0
0
0
0
0
.036376953125
0
0
0
0
0
.19970703125
0
0
0
0
0
0
0
0
0
0
0
0
0
0
0
0
0
0
0
.380615234375
0
0
0
0
0
0
.078857421875
.354248046875
0
0
0
0
0
0
0
0
0
0
0
0
0
0
0
0
0
0
0
0
0
0
.07080078125
0
0
.095947265625
0
0
.080078125
0
0
0
0
0
0
0
0
0
0
0
0
.273193359375
0
0
0
0
0
0
0
0
0
0
0
0
0
0
0
0
0
0
0
0
0
0
0
.19384765625
.368408203125
.481201171875
.171630859375
0
0
0
0
0
0
0
0
0
0
0
0
0
0
0
0
0
0
0
0
0
0
0
0
0
0
0
0
0
0
0
0
0
0
0
0
0
0
0
0
0
0
0
0
0
0
0
0
0
0
0
0
.34765625
.7978515625
.56689453125
.13916015625
.261962890625
.3681640625
.489501953125
.794677734375
0
0
0
0
0
0
0
0
0
0
0
0
0
0
0
0
0
0
0
0
0
0
0
0
0
0
0
0
0
0
0
0
0
0
0
0
0
0
.03564453125
.086181640625
0
0
0
0
0
0
0
0
0
0
0
0
0
0
0
0
0
0
0
0
0
0
0
0
0
0
0
0
0
0
0
0
0
.215576171875
.287841796875
.76220703125
.22314453125
.233154296875
0
.142333984375
0
0
.181396484375
.873291015625
0
0
0
.1552734375
0
0
0
0
0
0
0
0
0
0
0
0
0
0
0
0
0
0
0
0
0
0
0
0
0
0
0
0
0
0
0
0
0
0
0
0
0
0
0
0
0
.388427734375
0
0
0
0
0
.25439453125
0
.107666015625
0
.316162109375
0
0
0
0
0
0
0
0
0
0
.317138671875
0
0
0
0
0
0
0
0
0
0
0
0
0
0
0
0
0
0
0
0
0
0
0
0
0
0
0
0
0
0
0
0
0
0
0
0
0
0
0
0
0
0
0
0
0
0
0
0
0
0
0
0
0
0
0
0
0
0
0
0
0
0
0
0
0
0
0
0
0
0
0
0
.211181640625
0
0
0
0
0
0
0
0
0
0
0
0
0
0
0
0
0
0
0
0
0
0
0
0
0
0
0
0
0
0
0
0
0
0
0
0
0
0
0
0
0
0
0
0
0
0
0
0
0
0
0
0
0
0
0
0
0
0
0
0
0
0
0
0
0
0
0
0
0
0
0
0
0
0
0
0
0
0
.1435546875
0
0
0
0
0
0
0
.050048828125
0
0
0
0
0
0
.02685546875
.203369140625
.046875
0
0
0
0
0
0
0
0
0
0
0
0
0
0
0
0
0
0
0
0
0
0
0
0
0
0
0
0
0
0
0
0
0
0
0
0
0
0
0
0
0
0
0
0
0
0
0
0
.76904296875
0
0
0
0
0
0
0
.955322265625
0
0
.30224609375
.3916015625
.448974609375
.215087890625
0
0
0
0
0
0
0
0
0
.32080078125
0
.075927734375
.065185546875
.47802734375
.275634765625
.439208984375
0
0
0
0
0
.00537109375
.040283203125
0
0
0
0
0
.154052734375
0
0
.36572265625
0
0
0
0
.335693359375
0
0
0
0
0
0
0
0
0
0
0
0
0
0
.083740234375
.271728515625
0
0
0
0
0
0
0
0
0
0
0
0
0
0
0
0
0
0
0
0
0
0
0
0
0
0
0
0
0
0
0
0
0
0
0
.101318359375
0
0
0
0
0
0
0
0
.23095703125
0
0
0
0
0
0
0
.919189453125
0
0
0
0
0
0
.05419921875
1.07666015625
0
0
0
0
0
0
0
.008544921875
0
0
.18408203125
0
0
0
0
.543212890625
.181396484375
.059814453125
.162109375
0
0
.2177734375
0
0
.061767578125
0
0
.23046875
0
.00927734375
.354736328125
0
0
.497802734375
0
0
0
0
0
0
0
.31201171875
0
0
0
0
0
0
0
0
0
0
0
0
0
0
0
0
0
0
0
0
0
0
0
0
0
0
0
0
0
0
0
0
0
0
0
0
0
0
0
0
0
0
0
0
0
0
0
0
0
0
0
0
0
0
0
0
.20263671875
.0673828125
0
0
0
.796875
0
0
0
0
0
0
0
.947021484375
0
0
0
0
0
0
0
1.109375
0
0
0
0
0
0
0
.34130859375
.4912109375
0
0
.03173828125
.146728515625
0
0
0
0
0
0
.1748046875
.03564453125
0
0
0
0
0
0
0
0
0
.0634765625
0
0
0
0
0
0
0
0
0
0
0
0
0
0
0
0
.063720703125
0
0
0
0
0
0
0
.614501953125
0
0
0
0
0
0
0
0
0
0
0
0
0
0
0
0
0
0
0
0
0
0
0
.356689453125
.36865234375
0
0
0
0
0
0
0
0
0
0
0
0
0
0
0
0
0
0
0
0
0
0
0
0
0
0
0
0
0
0
0
0
0
0
0
0
0
0
0
0
0
0
0
0
0
0
0
0
0
0
0
0
0
.102294921875
0
0
0
0
.470458984375
.164306640625
0
0
0
0
0
0
.146484375
0
0
0
0
0
.162841796875
.17626953125
0
0
0
0
0
0
0
0
0
0
0
0
0
0
0
0
0
0
0
0
0
0
0
0
0
0
0
0
0
.15673828125
0
0
0
0
.794189453125
0
0
.24267578125
0
0
0
0
0
0
0
0
0
0
0
0
0
0
0
0
0
0
0
0
0
0
0
0
0
0
0
0
0
0
0
0
0
0
0
0
0
.050048828125
0
0
0
0
0
0
0
0
0
0
0
0
0
0
0
0
0
0
0
0
0
0
0
0
0
0
0
0
0
0
0
0
0
0
0
0
0
0
0
0
.219482421875
.037353515625
0
.197998046875
.0107421875
0
0
0
0
.07080078125
0
0
0
0
0
0
0
0
0
0
0
0
0
0
0
0
0
0
0
0
0
0
0
0
0
0
0
0
.14111328125
0
0
0
0
0
0
0
0
0
0
0
0
0
0
0
0
0
0
0
0
0
0
0
0
.07470703125
0
0
0
0
0
0
0
0
0
0
0
0
.088623046875
.119140625
0
0
.423828125
0
0
0
.0810546875
0
.15478515625
0
.79052734375
0
0
0
.098388671875
0
0
0
.697998046875
0
0
0
0
0
0
0
0
0
0
0
0
0
0
0
.117431640625
0
0
0
0
0
0
.529052734375
1.057373046875
0
0
0
.635498046875
.206298828125
.455078125
.735595703125
0
0
0
0
.00244140625
.014892578125
0
0
0
0
0
0
0
0
0
0
0
0
0
0
.289306640625
0
0
.149658203125
0
0
0
0
0
0
0
0
0
0
0
0
0
0
0
0
0
0
0
0
0
0
0
0
0
0
0
0
0
.3681640625
.062744140625
.659423828125
0
0
0
.364990234375
.498779296875
.387939453125
0
.744873046875
0
0
0
.50439453125
.0087890625
.025634765625
0
0
0
0
0
0
0
0
.066162109375
.1474609375
0
.109130859375
0
0
0
0
0
.019775390625
0
0
.12841796875
0
0
0
0
.016845703125
0
0
0
0
0
0
0
0
0
0
0
0
0
0
0
0
0
0
0
0
0
0
0
0
0
0
0
0
0
0
0
0
0
0
0
0
0
0
0
0
.4990234375
0
0
0
0
0
.054931640625
0
.076416015625
0
0
0
.066650390625
0
0
0
0
0
0
0
0
0
0
0
0
0
0
0
0
0
0
0
0
0
0
0
0
0
0
0
.181884765625
0
0
0
0
0
0
0
.168212890625
0
0
0
0
0
.52734375
.002685546875
0
0
0
0
0
0
0
0
0
0
0
0
0
0
.241943359375
.244140625
0
0
0
0
0
0
0
1.014404296875
0
0
0
0
0
0
0
.215087890625
0
0
0
0
0
0
0
0
0
0
0
0
0
0
0
0
0
0
0
0
0
0
0
.623779296875
0
0
0
.044189453125
.595947265625
0
0
.3447265625
0
0
.14599609375
.055419921875
0
0
0
0
