.107666015625
0
0
0
0
.05322265625
.001708984375
0
0
0
0
0
0
0
0
0
.00341796875
0
0
0
0
.01513671875
0
0
0
0
0
0
0
0
0
0
0
0
0
0
0
0
0
0
0
.208251953125
.0048828125
0
0
0
0
0
0
.07373046875
0
0
0
0
.046630859375
0
0
.01513671875
.030029296875
.11328125
.068115234375
.001220703125
0
0
0
.17724609375
0
0
0
0
0
.0224609375
0
.115966796875
.156494140625
0
.0458984375
0
0
0
0
.264892578125
0
0
.044677734375
0
.20556640625
0
0
.082275390625
0
0
.05908203125
.11962890625
.05078125
0
.015625
.100341796875
0
0
0
.19091796875
.131103515625
0
0
0
0
.113525390625
.06201171875
.207275390625
.2119140625
.005615234375
.086669921875
.12548828125
.0068359375
0
0
.0859375
0
.2119140625
.07275390625
.1025390625
.037353515625
.083984375
.073486328125
.204833984375
.271484375
.064208984375
0
.067138671875
0
.001220703125
0
.025634765625
.23583984375
.372802734375
.19140625
0
.29248046875
0
.282470703125
.419677734375
.23291015625
0
0
.051025390625
0
.02978515625
.2041015625
.05615234375
.253662109375
.190185546875
0
.005859375
0
.329833984375
.30859375
.01904296875
0
0
.0224609375
0
0
.31298828125
.12548828125
0
.0244140625
0
0
.045654296875
.300537109375
.232666015625
0
0
0
.013427734375
0
0
0
.132080078125
0
.03125
.294189453125
.305908203125
.416748046875
.31640625
.193603515625
.091552734375
.127685546875
.02734375
.070556640625
.229248046875
0
0
.073486328125
0
0
.336181640625
.311279296875
.1796875
.19921875
.14990234375
.10888671875
.083251953125
.01171875
.075439453125
.251708984375
.0986328125
.060791015625
0
.167724609375
.0390625
.113525390625
.283935546875
.059326171875
.082275390625
.074462890625
.0654296875
.044921875
.047119140625
.13525390625
.218505859375
.1640625
.298095703125
.0302734375
.06298828125
0
.18896484375
.374267578125
.2646484375
.134521484375
.091064453125
.028564453125
.06103515625
.024658203125
.1220703125
.1923828125
.109375
.148681640625
.34228515625
.054443359375
.26318359375
.31982421875
.26904296875
.446533203125
.210693359375
.210205078125
.2197265625
.220703125
.1875
.211669921875
.240966796875
.2080078125
.25830078125
.48583984375
.430419921875
.6015625
.367919921875
.301025390625
.317138671875
.26123046875
.306396484375
.479736328125
.269287109375
.35888671875
.29541015625
.296630859375
.208740234375
.188720703125
.206298828125
.276611328125
.092041015625
.044677734375
.03125
.147216796875
.12060546875
.10009765625
.38427734375
.10498046875
.107666015625
0
.133544921875
.1875
0
0
.027587890625
.068115234375
.031005859375
.14794921875
.0546875
.459716796875
.337158203125
.419677734375
.002197265625
.09814453125
.291259765625
.348388671875
.32763671875
0
0
0
0
.1845703125
.1494140625
0
.149658203125
.3583984375
.056884765625
.400634765625
.273681640625
.3271484375
.225341796875
.0205078125
0
0
.051025390625
0
.11328125
.035888671875
.027099609375
0
.0126953125
0
.330078125
.411376953125
.141357421875
0
0
0
0
.4228515625
0
.0634765625
0
0
0
0
0
.01904296875
.057861328125
0
0
.2041015625
.007568359375
0
.2265625
0
0
.089599609375
0
.00244140625
0
0
.002197265625
0
.033203125
0
.215576171875
.19677734375
0
0
0
0
.15869140625
.006103515625
.14697265625
.006103515625
0
0
0
0
0
.025390625
.2314453125
0
.06494140625
.12939453125
.074462890625
0
.206298828125
.178466796875
.039794921875
.157958984375
.2890625
0
0
0
0
0
0
.134765625
.461669921875
.25341796875
0
.281005859375
.13134765625
.15087890625
.371826171875
.547607421875
.110107421875
0
0
0
0
.065673828125
0
.212158203125
.194091796875
0
0
0
.05810546875
.43310546875
.225341796875
.05224609375
.019287109375
0
0
0
.2275390625
.26123046875
0
.083251953125
0
0
0
.06884765625
.244140625
0
0
0
0
0
0
0
.217529296875
0
0
.012939453125
0
0
.0859375
0
0
0
0
0
0
0
0
0
0
0
.44970703125
0
0
0
0
0
0
0
0
0
0
0
0
0
0
.036865234375
.000732421875
0
0
0
0
0
0
0
.06640625
0
0
0
0
0
0
0
0
0
0
0
0
0
0
.07373046875
0
0
0
0
0
0
0
0
0
0
0
0
0
0
.01416015625
0
0
0
0
0
.212890625
.1708984375
.187744140625
.1435546875
.158935546875
.450927734375
.2255859375
.16455078125
.12353515625
.301025390625
.358154296875
.164794921875
.128173828125
.10205078125
.42919921875
0
0
0
0
0
0
.260009765625
.197265625
0
0
0
.220947265625
.333740234375
0
0
0
0
.44775390625
.1142578125
.146484375
.13037109375
0
0
.35009765625
.159423828125
0
0
0
.17041015625
.568359375
0
0
0
.7548828125
.560791015625
0
0
.470458984375
0
.029541015625
.2138671875
0
0
.205810546875
0
.3603515625
.2802734375
0
0
0
.52001953125
.405517578125
0
.260986328125
.244140625
.24853515625
.13232421875
0
0
.166259765625
.048828125
0
.594970703125
.10498046875
0
0
0
.748779296875
0
0
0
.261474609375
.248046875
0
0
.255859375
.041015625
0
0
.402099609375
0
.051513671875
.136474609375
.114013671875
.425048828125
0
0
0
0
0
0
.031982421875
.1279296875
0
0
0
0
0
.22314453125
.11328125
.450439453125
0
0
0
0
0
0
0
.03857421875
0
0
0
0
0
0
.01123046875
.1298828125
.187255859375
0
.01025390625
.19091796875
.146728515625
.249755859375
0
0
0
0
0
0
0
0
0
0
.519287109375
0
0
.4609375
0
0
.06298828125
0
0
0
.024169921875
0
0
0
0
0
.28271484375
.09765625
0
0
.126220703125
0
0
0
0
0
0
.042236328125
0
0
0
0
0
0
0
0
0
0
0
0
0
0
0
0
.541259765625
0
0
0
0
.02587890625
0
0
0
0
0
0
0
0
0
0
.370849609375
.095458984375
0
0
.072998046875
0
.010009765625
0
0
0
0
0
0
0
0
0
0
.0859375
0
0
.12353515625
0
0
0
0
.03271484375
0
0
0
0
0
0
0
0
0
0
0
0
0
0
0
0
0
0
0
0
0
.021728515625
0
0
0
0
0
0
0
0
0
0
0
0
0
0
0
.288818359375
.127685546875
0
0
0
.4189453125
0
0
0
.134765625
.418212890625
.026611328125
0
0
0
0
0
0
0
0
0
0
0
0
0
.73486328125
.2841796875
0
0
0
0
0
0
.034912109375
.00048828125
0
.08642578125
.174560546875
.27587890625
.21533203125
.1494140625
.09716796875
0
0
0
0
0
0
.100341796875
.4619140625
0
0
.536376953125
0
0
0
0
0
.3701171875
0
0
0
0
0
.127685546875
.195556640625
0
0
0
0
0
0
0
.755859375
.204345703125
0
0
0
0
0
.253173828125
.129638671875
0
0
0
.31005859375
.383544921875
0
0
.459716796875
0
0
0
.01025390625
0
0
.549072265625
0
0
0
.28564453125
.705322265625
0
0
.001220703125
.11767578125
0
0
0
0
0
0
.579833984375
0
0
0
.1923828125
0
0
.146728515625
.311767578125
0
0
0
0
0
.12939453125
0
.529541015625
0
0
0
0
0
.36181640625
.787353515625
0
0
0
0
.564453125
.4169921875
0
0
.670166015625
0
0
.426025390625
.323486328125
0
.3515625
0
0
0
0
.59326171875
.472412109375
0
0
0
.4599609375
0
0
1.283203125
0
0
0
0
0
.058349609375
.348388671875
.1689453125
.026611328125
0
0
0
.32177734375
0
.479248046875
.60107421875
0
0
.262939453125
0
.079833984375
.147705078125
.028564453125
0
0
0
.177978515625
0
.33447265625
0
.419189453125
0
0
.20068359375
0
0
0
.005126953125
0
0
0
.2880859375
0
0
.34765625
.03369140625
0
0
0
.14892578125
0
0
0
0
0
0
.307373046875
.205810546875
0
0
0
0
0
0
0
0
0
0
0
0
0
0
0
0
0
0
0
0
0
0
0
0
0
0
0
0
0
0
0
0
0
0
.019775390625
0
0
0
.27392578125
0
0
0
0
0
0
0
0
0
0
0
.025634765625
0
0
0
.14794921875
.0625
0
0
.268310546875
.150146484375
0
0
0
.084228515625
0
0
0
0
0
0
0
0
0
0
.126220703125
.263916015625
0
0
0
0
.049072265625
0
0
0
0
.7685546875
0
0
0
0
0
.346923828125
0
0
0
0
.084228515625
0
0
0
0
.50439453125
.44091796875
0
0
0
0
.03515625
0
0
0
0
0
0
0
0
0
0
.615478515625
.4072265625
0
0
0
0
0
0
0
0
0
0
0
0
0
0
.44384765625
0
0
0
0
.08154296875
0
0
0
0
0
0
0
0
0
0
0
0
0
0
0
0
0
0
.00341796875
.049560546875
0
0
0
0
0
0
0
0
.358154296875
0
0
0
0
.015380859375
.24658203125
0
0
0
.343017578125
0
0
.07666015625
0
0
0
0
0
0
0
.03515625
.057373046875
.012451171875
0
0
.87548828125
.2470703125
.22265625
0
0
0
0
.003662109375
0
0
0
0
0
0
0
0
.373046875
.95849609375
.751708984375
0
0
0
0
0
0
.005859375
0
0
0
.062744140625
0
0
0
.46044921875
1.021240234375
0
0
0
0
0
0
0
0
0
.10546875
.07568359375
0
0
0
0
.134765625
0
0
0
0
0
0
0
0
.037353515625
0
0
0
0
0
0
0
0
0
0
0
0
.08251953125
0
0
.06103515625
0
0
0
0
0
0
0
0
0
.025390625
0
0
0
0
0
0
0
0
0
.06591796875
0
.150390625
.09130859375
.0732421875
.05322265625
0
.29248046875
.111328125
.12158203125
.016357421875
.00732421875
.19580078125
.036376953125
0
.090576171875
0
0
0
0
0
.26416015625
.125244140625
.095947265625
.09521484375
0
0
0
0
.1923828125
.1083984375
0
0
0
.100830078125
0
.037353515625
.26025390625
0
0
0
.025390625
.028076171875
.18212890625
.1806640625
.017822265625
.1044921875
0
0
0
0
.349609375
0
0
.4248046875
.316650390625
.0537109375
.018798828125
0
0
.026611328125
.043212890625
.116455078125
.23046875
0
0
0
.170654296875
.719970703125
0
0
.003173828125
.166015625
.04248046875
0
.004150390625
.126708984375
0
.01611328125
.121337890625
.0361328125
0
.10595703125
.056884765625
.067138671875
.142822265625
.085693359375
0
.152099609375
.172607421875
0
.014892578125
0
.088623046875
0
.01220703125
0
0
.125244140625
.018310546875
.124755859375
.015869140625
0
.4599609375
.058349609375
.02734375
0
0
.1220703125
0
.156494140625
.185791015625
0
0
.2578125
.157470703125
.06396484375
.39501953125
.2919921875
0
.125732421875
0
.427734375
.046142578125
.037353515625
.173828125
0
0
0
0
.196044921875
0
.45263671875
.3779296875
.20751953125
0
.042724609375
.349853515625
0
.446044921875
.097412109375
0
0
.17236328125
0
0
.2314453125
.22021484375
0
0
.3466796875
.15771484375
.06591796875
.288818359375
.566162109375
0
0
0
0
0
0
0
0
0
.047607421875
.219970703125
.22509765625
.005859375
0
0
0
0
0
0
0
0
0
0
0
0
0
.065673828125
0
0
0
0
0
0
0
0
0
0
0
0
.191650390625
0
0
0
0
0
0
0
0
0
0
0
0
0
0
0
0
.259033203125
.05078125
0
0
0
0
0
0
0
0
0
0
.025390625
0
0
.108154296875
0
.183837890625
.033935546875
.0537109375
.108642578125
.1181640625
.03955078125
0
.025390625
.0830078125
.03076171875
0
0
0
.11767578125
0
0
0
0
.06591796875
0
0
0
0
0
0
0
0
0
0
.2861328125
.03271484375
.10302734375
.077880859375
0
.431640625
0
.15966796875
.049560546875
.253662109375
0
0
.055908203125
.11767578125
.267333984375
0
.17431640625
.0908203125
.105712890625
.0146484375
.00244140625
.411376953125
0
.0703125
0
.38623046875
0
0
.056396484375
.008544921875
.370361328125
0
.123046875
.285400390625
0
.3095703125
.269287109375
.112548828125
.228271484375
0
.057373046875
.522705078125
.02587890625
0
.14794921875
0
.399169921875
0
.171142578125
.59228515625
0
.202392578125
.50390625
0
.558349609375
.0498046875
.18115234375
.717529296875
.074951171875
0
.314208984375
0
.14306640625
0
.2705078125
.955322265625
0
.45654296875
.7412109375
0
.60009765625
0
.234375
.849365234375
.119140625
.031494140625
.3310546875
.110107421875
.0107421875
0
.26123046875
.890625
.007568359375
.43115234375
.4365234375
.33154296875
.239990234375
.06494140625
.18359375
1.004638671875
.042236328125
.19482421875
.251953125
.2333984375
.041748046875
0
.314453125
.72265625
0
.747802734375
.00732421875
.481201171875
0
.215576171875
.168701171875
.4912109375
.088623046875
.096435546875
.184814453125
.234130859375
.061767578125
0
.3896484375
.502197265625
0
.92041015625
.016357421875
.50634765625
0
.32177734375
.02978515625
.252197265625
.064697265625
0
.270751953125
.1953125
.034912109375
0
.5859375
.212158203125
.0400390625
1.061279296875
.011474609375
.025390625
.33154296875
.36181640625
0
.0712890625
0
0
.071044921875
.074462890625
.041259765625
0
.564208984375
0
.02197265625
.8544921875
0
0
.16796875
.05908203125
0
.107177734375
0
0
0
0
0
0
.1328125
0
0
.93359375
0
0
.050537109375
0
0
0
0
0
0
0
0
0
0
0
.045654296875
.701171875
0
.10986328125
0
0
0
0
0
0
0
0
0
0
0
0
0
.18408203125
0
.23193359375
0
0
0
0
0
0
0
0
0
0
0
0
0
0
0
.01611328125
0
0
0
0
0
0
0
0
0
0
0
0
0
0
0
0
0
0
0
0
0
0
0
0
0
0
.0615234375
.161865234375
.403564453125
.41259765625
.049560546875
.052734375
.17822265625
.214599609375
.248291015625
.103515625
.06982421875
0
0
.24169921875
.284423828125
.280029296875
0
0
.182373046875
.218505859375
0
0
0
0
0
0
0
0
0
0
0
.456787109375
0
0
0
0
0
0
0
0
0
0
0
.090087890625
0
0
0
.0419921875
0
0
0
0
0
0
0
.288330078125
0
0
0
0
0
0
0
0
0
0
0
0
0
0
0
0
0
0
0
0
.021240234375
.094482421875
0
0
0
0
0
0
0
0
0
.071533203125
0
0
0
0
0
.11767578125
.2265625
.11083984375
0
0
0
0
0
0
0
0
0
0
0
0
0
0
.180419921875
.374755859375
0
0
0
0
0
0
0
0
0
0
0
0
0
0
0
.259033203125
.0498046875
0
0
0
0
0
0
0
0
0
0
0
0
0
0
.37255859375
0
0
0
0
0
0
0
0
0
0
0
0
0
0
0
.23828125
0
0
0
0
0
.27197265625
0
.024658203125
.16650390625
.168212890625
.171630859375
.259033203125
.089599609375
0
0
.18212890625
0
0
0
0
0
0
.10693359375
0
.124755859375
.419189453125
.39453125
.271484375
.25732421875
.040771484375
0
.15478515625
.0625
0
0
0
0
0
.470703125
.258056640625
.23095703125
.22900390625
.23828125
.22314453125
.033935546875
0
0
.2177734375
.421875
0
0
0
0
0
.28955078125
.114013671875
.0810546875
.1376953125
.112060546875
0
0
0
0
0
.0556640625
.249755859375
.371337890625
0
0
0
0
0
0
.091796875
.041259765625
0
0
.187255859375
0
.023681640625
.20068359375
.033203125
.4501953125
.45751953125
.32958984375
.200927734375
0
.01416015625
0
.0205078125
.097412109375
.154296875
.066162109375
.040771484375
.116943359375
.33349609375
0
0
0
0
0
0
0
0
0
0
0
0
0
0
0
0
0
0
0
0
.13427734375
.16552734375
.05810546875
.19091796875
.295166015625
.335693359375
.341796875
.3310546875
.366943359375
.313720703125
.10205078125
0
.060546875
0
0
0
0
.122314453125
.3544921875
.359619140625
.435791015625
.305419921875
.129150390625
.232666015625
.239013671875
.338623046875
.262939453125
0
.138916015625
.274169921875
.159912109375
.0126953125
0
0
.165283203125
.174560546875
.07470703125
.095703125
0
0
.158935546875
.221923828125
.28466796875
0
.103515625
.28759765625
.166259765625
.385498046875
.326904296875
.0634765625
0
0
0
.076171875
0
.0556640625
.065185546875
.112548828125
.25439453125
0
0
.22216796875
.1357421875
0
.12890625
.4365234375
.213134765625
.00146484375
.00341796875
0
0
.099365234375
.145263671875
.148193359375
.123046875
0
0
.187744140625
.259521484375
0
0
.0712890625
.21826171875
.21826171875
0
0
.034423828125
.111572265625
.050048828125
.022216796875
.01953125
0
0
.26123046875
.382568359375
.279541015625
0
.000244140625
0
.199951171875
0
0
.06103515625
.073486328125
0
0
0
0
0
.170166015625
.333251953125
.462158203125
0
.069580078125
.357666015625
.19091796875
0
0
.150634765625
.16259765625
.00390625
0
0
0
0
.034912109375
.21728515625
.26025390625
0
.128662109375
.23779296875
.213623046875
.221435546875
.326171875
.32080078125
.3818359375
.353515625
.2666015625
.288330078125
0
0
.093505859375
.113037109375
.514404296875
.50634765625
.143310546875
.135986328125
.388916015625
.467529296875
.539306640625
.575927734375
.40625
.24267578125
.516357421875
.703125
.310302734375
.050048828125
.480224609375
.12158203125
0
.114013671875
.4150390625
.360107421875
.458251953125
.677001953125
.578125
.2080078125
.10498046875
.150146484375
.260498046875
.36767578125
.087158203125
0
.5576171875
.410400390625
0
.013671875
.391357421875
.339599609375
.1513671875
.135009765625
.064208984375
.03564453125
.013427734375
0
.041015625
.123046875
0
0
.175537109375
.37548828125
.2001953125
.03173828125
.20458984375
.041748046875
0
0
0
0
0
0
0
0
.098876953125
0
0
.0185546875
.363037109375
.30419921875
.209716796875
.006591796875
0
0
0
0
0
0
0
0
0
0
0
0
.06494140625
.1044921875
0
0
0
0
0
0
0
0
0
.068115234375
.09912109375
0
0
0
0
0
0
0
0
0
0
0
0
0
0
0
0
0
0
0
0
.2734375
0
.00146484375
0
.06884765625
0
0
0
0
0
0
.01416015625
.0546875
.052978515625
0
0
.3056640625
0
.16357421875
0
.248291015625
0
.0400390625
.1259765625
.191650390625
.21044921875
0
.04736328125
.55126953125
.03857421875
0
.250244140625
.2265625
.005615234375
.092529296875
.203857421875
.524658203125
.0537109375
.054443359375
.06787109375
.250732421875
.467529296875
.02783203125
.114990234375
.9052734375
.15283203125
.502685546875
.40966796875
.15283203125
.210205078125
.05712890625
.178955078125
.907470703125
.392822265625
0
.193115234375
.032958984375
.53173828125
.2783203125
0
.99755859375
.160888671875
.663818359375
.6640625
.284423828125
.56591796875
0
.244873046875
1.255126953125
.421875
.18798828125
.345458984375
0
.364501953125
.364013671875
0
.984619140625
.1630859375
.61572265625
.743896484375
.409912109375
.550048828125
0
.34765625
1.233154296875
.266845703125
.4404296875
.243896484375
.02587890625
.04541015625
.34716796875
.061279296875
.717529296875
.45361328125
.620849609375
.591064453125
.6396484375
0
.262939453125
.1611328125
.903076171875
.07666015625
.446044921875
.235107421875
.104736328125
0
.181396484375
.0185546875
.360595703125
.3115234375
.991943359375
.356689453125
.6923828125
.07177734375
.383544921875
.081298828125
.424560546875
.169677734375
0
.411865234375
.191650390625
0
0
.020263671875
.130859375
.108642578125
1.23291015625
.42578125
.50732421875
.53662109375
.39697265625
.240966796875
.437744140625
.1513671875
.017578125
.350830078125
.169677734375
0
.064697265625
.091552734375
0
.18896484375
1.445068359375
.34130859375
.21337890625
.510986328125
0
.149169921875
.365966796875
.009521484375
.067138671875
.071044921875
.152587890625
0
.10888671875
.09521484375
0
.350341796875
1.426513671875
.181884765625
.52978515625
.320556640625
0
0
.12841796875
.073974609375
.019775390625
.152587890625
.1455078125
.138916015625
.3212890625
.234130859375
.168212890625
.46826171875
1.015869140625
.204833984375
.76318359375
.064208984375
0
.037353515625
.079833984375
.08203125
.086669921875
.12890625
.1435546875
.27392578125
.19873046875
.273681640625
.30712890625
.7578125
.440185546875
.36572265625
.6875
0
.06689453125
.09228515625
.105224609375
.089111328125
.129150390625
.142578125
.248291015625
.121826171875
.23193359375
.3271484375
.27685546875
.643798828125
.341552734375
.24853515625
.5263671875
0
.13037109375
.150634765625
.140380859375
.13671875
.290771484375
.387939453125
.232666015625
.198486328125
.390380859375
.13427734375
.125
.159912109375
.24609375
.05224609375
.20947265625
0
0
0
0
0
.147216796875
.1552734375
0
.129150390625
.141845703125
.045166015625
0
.456298828125
.372314453125
.398681640625
.34521484375
.164306640625
.347900390625
.47119140625
.526611328125
.492431640625
.510986328125
.5126953125
.48291015625
.451904296875
.38623046875
.12548828125
0
.63232421875
.47412109375
.510986328125
.470458984375
.2626953125
.518798828125
.69580078125
.547119140625
.432861328125
.42529296875
.3837890625
.337890625
.368896484375
.42529296875
.189453125
0
.06884765625
.128173828125
.28271484375
.163818359375
0
0
.05419921875
0
0
0
0
0
0
0
.001953125
0
0
0
0
0
0
0
.078125
0
0
0
0
0
0
0
0
0
0
0
0
0
0
0
0
0
0
0
0
.023193359375
0
0
0
0
0
0
0
0
0
0
0
0
0
0
0
.04541015625
0
0
0
0
0
0
0
0
0
0
0
0
0
0
0
.029052734375
0
0
0
0
0
0
0
0
0
0
0
0
0
0
0
0
0
.052978515625
0
0
0
0
0
0
0
0
0
0
0
0
0
0
0
.11865234375
.0625
0
0
0
0
0
0
0
0
0
0
.239990234375
.2392578125
.18603515625
.30908203125
.519287109375
.213134765625
0
.02001953125
0
0
0
.072021484375
.375732421875
.326416015625
.220703125
.253662109375
.2392578125
.30322265625
.1259765625
.244384765625
.29296875
.08935546875
0
0
0
0
0
0
.13037109375
.182373046875
.2099609375
.239990234375
.255859375
.183837890625
.0205078125
.063232421875
.0068359375
0
0
0
0
0
0
0
.30322265625
.242919921875
.198974609375
.173095703125
.121337890625
.105224609375
.103759765625
.052734375
.004150390625
0
0
0
0
0
0
.152099609375
.174560546875
.07080078125
.05615234375
.048583984375
.040771484375
0
0
0
0
0
0
0
0
0
0
.067138671875
0
.04296875
.01806640625
0
0
0
0
0
0
0
0
0
0
0
0
.06005859375
0
0
0
0
0
0
0
0
0
0
0
0
0
0
0
0
0
0
0
.0234375
.041748046875
.03271484375
0
0
0
0
.139892578125
.239501953125
.220458984375
.198974609375
.303955078125
.028076171875
.15869140625
.574462890625
.682861328125
.527587890625
.47509765625
.510009765625
.48876953125
.335205078125
.2783203125
.25732421875
.35595703125
.18701171875
.172607421875
.24658203125
.314697265625
.048828125
.171875
.52294921875
.46435546875
.00146484375
0
0
0
.04296875
.03662109375
.10546875
.373291015625
.06884765625
.109375
.439453125
.640380859375
.340087890625
.189697265625
.025146484375
.01025390625
0
0
0
0
0
0
0
.076171875
0
0
.192626953125
0
0
0
0
0
0
0
0
0
0
0
0
0
0
0
0
0
0
0
0
.00927734375
0
0
0
0
0
0
0
0
0
0
.26708984375
0
0
0
0
0
0
0
0
0
0
0
0
0
0
0
.307861328125
.001708984375
0
0
0
0
0
0
0
0
0
0
0
0
0
0
0
0
0
0
0
0
0
0
0
0
0
0
.002685546875
0
0
0
0
0
0
.027099609375
0
0
0
0
.054443359375
.138427734375
.13232421875
.451416015625
.401611328125
0
0
0
0
0
0
0
0
0
.03466796875
.176513671875
.328125
.329345703125
.49560546875
.782470703125
.46923828125
0
0
0
0
0
0
0
0
0
.033203125
.0361328125
.021728515625
.03759765625
.0556640625
.102783203125
0
0
0
0
0
0
0
.007080078125
.067138671875
.020263671875
0
.019287109375
.036865234375
.022216796875
.085693359375
.00634765625
0
0
0
0
0
0
0
0
0
.04248046875
.054443359375
.021484375
0
0
.015380859375
0
0
0
0
0
0
0
0
0
0
0
0
0
0
0
0
0
0
0
0
0
0
0
0
0
0
0
0
0
0
0
0
0
0
0
0
0
0
0
0
0
0
0
0
0
0
0
0
0
0
0
0
0
0
0
0
0
0
0
0
0
0
0
0
0
0
0
0
0
0
0
0
0
0
0
0
.023681640625
0
0
0
0
0
0
0
0
0
0
0
0
0
0
0
0
0
0
0
0
0
0
0
0
0
0
0
0
0
0
0
0
0
0
0
0
0
0
0
0
0
0
0
0
0
0
0
0
0
0
0
0
0
0
0
0
0
0
0
0
0
0
0
0
0
0
0
0
0
0
0
0
0
0
0
0
0
0
0
0
0
0
0
0
0
.19384765625
0
0
0
0
0
0
0
0
0
0
0
0
0
0
0
.18310546875
0
0
0
0
0
0
0
0
0
0
0
0
0
0
0
.046875
0
0
0
0
0
0
0
0
0
0
.24169921875
.33203125
0
0
.146484375
0
0
0
0
0
0
0
0
0
.20751953125
.535400390625
.522216796875
.39208984375
.249267578125
.151123046875
.60595703125
.1611328125
0
0
0
0
0
.48974609375
.470703125
.546630859375
.6279296875
.602783203125
.577392578125
.560302734375
.57421875
.564208984375
.713623046875
.531005859375
0
0
0
0
.25341796875
.5458984375
.494873046875
.5419921875
.65234375
.617919921875
.467529296875
.467529296875
.79248046875
.398193359375
.315185546875
.819580078125
.295166015625
0
0
0
.426513671875
.58154296875
.556884765625
.63720703125
.806884765625
.68603515625
.56640625
.96337890625
.94091796875
.20947265625
.29345703125
.061279296875
0
0
0
0
0
0
0
0
0
0
0
0
0
0
0
.00537109375
.416015625
.150634765625
.11962890625
.07666015625
.082275390625
.119140625
.190185546875
.235595703125
.12939453125
.015380859375
.074951171875
.116943359375
.1220703125
.06591796875
.394287109375
0
.462158203125
.127685546875
.048095703125
.07373046875
.01708984375
0
0
.10693359375
0
0
0
0
0
0
.368896484375
0
.282470703125
.11767578125
.06005859375
.049560546875
.000732421875
0
0
0
0
0
0
0
0
0
.3740234375
0
0
0
0
0
0
0
0
0
.0859375
0
0
0
0
0
.37451171875
0
0
0
.27978515625
0
0
0
0
0
.010498046875
.051025390625
.048583984375
0
0
0
.2236328125
0
0
0
.58056640625
.21435546875
0
0
0
0
0
0
.0908203125
0
0
0
0
0
0
0
.255615234375
.575439453125
.07861328125
0
0
0
0
0
0
0
0
0
0
0
0
0
0
.21044921875
0
0
0
0
0
0
0
0
0
0
.21533203125
0
0
0
0
0
0
0
.028076171875
0
0
.115966796875
0
.037353515625
0
0
.3046875
0
0
0
0
0
0
0
0
0
0
0
0
0
0
0
.31201171875
.123046875
0
0
0
0
0
0
0
0
0
0
0
0
0
0
0
.168212890625
0
0
0
0
0
0
0
0
0
0
0
0
0
0
0
.049072265625
.104248046875
0
0
0
.020263671875
0
0
0
0
0
0
0
0
0
0
.01416015625
0
0
0
.06591796875
.033203125
0
0
0
0
0
0
0
0
0
0
.24462890625
.02001953125
0
0
.04345703125
.148193359375
.104248046875
.08349609375
.08056640625
.070556640625
.07470703125
.11767578125
.0673828125
.073486328125
0
0
.15673828125
.1982421875
.095703125
.11376953125
.153564453125
.205322265625
.193359375
.217529296875
.20556640625
.16357421875
.13232421875
.174560546875
.15380859375
.130126953125
.09228515625
0
0
.21337890625
.14453125
.136474609375
.060302734375
.232666015625
.28662109375
.185302734375
.05615234375
.029541015625
.066650390625
.056396484375
.067138671875
.099609375
.14013671875
0
0
.082275390625
.026123046875
.01953125
0
0
0
0
0
0
.08642578125
.01123046875
0
0
0
0
0
0
.04736328125
.18798828125
.0283203125
0
0
0
0
0
.035888671875
0
0
0
0
0
0
0
0
.1328125
.28564453125
.35888671875
.04833984375
0
0
0
0
0
0
0
0
0
0
0
0
0
0
.1259765625
.037841796875
0
0
0
0
0
0
0
0
0
0
0
0
0
0
0
0
0
0
0
0
0
0
0
0
0
0
0
0
0
0
0
0
0
0
0
0
0
0
0
0
0
0
0
0
0
0
0
0
0
0
0
0
0
0
0
0
0
0
0
0
0
0
0
0
0
0
0
0
0
0
0
.095703125
0
0
0
0
0
0
0
.010009765625
.080078125
0
0
0
0
0
.01416015625
.100341796875
0
0
.04638671875
0
0
0
0
0
0
0
0
0
0
0
.041259765625
.142822265625
0
0
0
0
0
0
0
0
0
0
0
0
0
0
0
.01513671875
0
0
0
0
0
0
0
0
0
0
0
0
0
0
0
0
0
0
0
0
0
0
0
0
0
0
0
0
0
0
0
0
0
0
0
0
0
0
0
0
0
0
0
0
0
0
0
0
0
0
0
0
0
0
0
0
0
0
0
0
0
0
0
0
0
0
.21630859375
.055908203125
.07470703125
.215087890625
0
0
.13037109375
.2314453125
.259765625
.1337890625
.101318359375
.103759765625
.034912109375
.013427734375
.198486328125
.108154296875
.515625
.257568359375
.22900390625
.0986328125
.140625
.607666015625
.682861328125
.6259765625
.1796875
.00927734375
.16015625
.123779296875
.22314453125
.071044921875
.091552734375
.0498046875
.361572265625
0
.090576171875
.101318359375
.462646484375
.3193359375
.129150390625
0
0
.097412109375
.088623046875
.03564453125
.06689453125
0
.046142578125
0
0
.3427734375
.298583984375
0
0
.088134765625
.357177734375
.27099609375
.3037109375
0
.02392578125
0
0
.0283203125
0
0
.287353515625
.3935546875
0
0
.6181640625
.38427734375
.17626953125
.118896484375
0
0
.318115234375
.010009765625
0
0
0
0
.341796875
.2353515625
.176025390625
.622314453125
.219970703125
0
.02099609375
0
0
.602783203125
.36767578125
.09716796875
0
0
.02099609375
0
.364501953125
.3681640625
0
.0751953125
0
.3916015625
.5146484375
.091064453125
.372314453125
.500732421875
.107666015625
.054443359375
0
.085205078125
.032470703125
0
.5244140625
.091064453125
0
0
.574462890625
1
.275634765625
0
.239990234375
.3828125
.195068359375
.2802734375
.124755859375
0
.015869140625
0
.548828125
.035400390625
.1357421875
.21044921875
.686279296875
.135986328125
0
0
.062744140625
.280029296875
.46484375
.021728515625
0
.026611328125
.373291015625
0
.281494140625
.180419921875
.0439453125
0
.07421875
0
.10791015625
.325927734375
.36474609375
.487060546875
.035400390625
0
.3623046875
.6103515625
.32177734375
0
.343017578125
0
0
.14208984375
.71533203125
.9716796875
1.0751953125
.578857421875
.275634765625
0
.130615234375
.4873046875
.47705078125
.263916015625
.1044921875
0
.39013671875
0
.4453125
1.661376953125
.961181640625
.552490234375
.315185546875
.135498046875
.075439453125
.146484375
.274658203125
.05615234375
.076171875
.02001953125
0
0
.085693359375
0
.754150390625
.958984375
.12158203125
.197998046875
.01416015625
.014892578125
.039306640625
0
0
.20068359375
.029052734375
0
.1572265625
0
0
.0224609375
.6201171875
.51416015625
.313232421875
.099609375
0
0
0
.002197265625
.198974609375
0
0
.34814453125
.177001953125
0
.146484375
.078125
.30615234375
.383056640625
.308837890625
0
0
0
0
.11328125
0
0
.467041015625
.404296875
0
0
.138427734375
0
0
.059326171875
.15576171875
0
0
0
0
0
0
.236328125
.3037109375
0
0
0
0
0
0
0
0
0
0
0
0
0
0
0
0
0
0
0
0
0
0
0
0
0
0
0
0
0
0
0
0
0
0
0
0
0
0
0
0
0
0
0
0
.15185546875
.127685546875
.0576171875
0
0
0
.1923828125
0
0
0
0
0
0
0
.113525390625
.14306640625
0
0
0
.02392578125
0
0
.51220703125
0
0
0
0
0
0
0
.154541015625
.188720703125
0
0
0
.0048828125
0
0
.603271484375
0
0
0
0
0
0
0
0
.014892578125
0
0
0
.0576171875
0
0
.387939453125
0
0
0
0
0
0
0
0
0
0
0
0
0
0
0
.2294921875
0
0
0
0
0
0
0
0
0
0
0
0
0
0
0
.182373046875
0
.153076171875
0
0
0
0
0
0
0
0
0
0
0
0
0
.2099609375
0
.248291015625
0
0
0
0
0
0
0
0
0
0
0
0
0
.351806640625
0
.35009765625
.1865234375
.0400390625
0
.10205078125
.388916015625
0
0
.04150390625
.05126953125
.310302734375
.261474609375
.088623046875
0
.757080078125
.40869140625
.53076171875
.528564453125
.46435546875
.25634765625
.18896484375
.504150390625
.344482421875
.195068359375
.33154296875
.46435546875
.515869140625
.504638671875
.68359375
.20947265625
.708984375
.849365234375
.85693359375
.39453125
0
0
.04052734375
.345947265625
.318603515625
.342529296875
.392822265625
.403076171875
.46240234375
.56103515625
.708740234375
.243408203125
.608642578125
.76416015625
.908203125
.298583984375
0
0
.218017578125
.283203125
.284912109375
.316650390625
.431884765625
.484375
.495361328125
.58251953125
.826171875
.322021484375
.634033203125
.67431640625
.879150390625
.54638671875
0
.08544921875
.541259765625
.49658203125
.494140625
.501220703125
.577392578125
.679443359375
.69580078125
.670166015625
.674560546875
.150146484375
.255859375
0
.1796875
.027099609375
0
0
.13818359375
.171630859375
.208251953125
.200439453125
.13671875
.187255859375
.299072265625
.18701171875
.048583984375
0
0
0
0
0
0
0
0
0
0
0
0
0
0
0
0
0
0
0
0
0
0
0
0
0
0
0
0
0
0
0
0
0
0
0
0
0
0
0
0
0
0
.030517578125
.24267578125
.02978515625
.051513671875
0
0
0
0
.017578125
0
0
0
0
0
0
0
.242431640625
.0966796875
0
.032958984375
.08447265625
0
0
.25
.655029296875
0
0
.30810546875
.105712890625
.173583984375
0
.010986328125
.225830078125
.171875
0
.02099609375
.222900390625
0
0
.277587890625
.956787109375
0
0
.4248046875
.37841796875
.220947265625
0
.080322265625
.472412109375
.41015625
0
0
.109619140625
.021484375
0
.49658203125
.976318359375
0
0
.133056640625
.3134765625
.31201171875
.12451171875
.031005859375
.531494140625
.493408203125
0
.05859375
.0810546875
.072021484375
0
.593017578125
.900634765625
.28564453125
0
0
.298583984375
.303466796875
0
0
.174560546875
.280029296875
.078369140625
.0576171875
.08935546875
0
0
.60400390625
.534423828125
.346435546875
0
0
.1123046875
.160400390625
.0751953125
0
0
0
0
.104248046875
.00146484375
0
0
.547119140625
.43212890625
.250244140625
.25927734375
0
0
.021240234375
.29638671875
.083251953125
0
0
.000244140625
.24560546875
0
0
0
.51513671875
.473876953125
.11865234375
.572998046875
.44384765625
.139404296875
.373779296875
.536376953125
.187255859375
0
.015380859375
.170166015625
.404541015625
.097900390625
0
0
.411376953125
.529296875
.17822265625
.626220703125
.500244140625
.167236328125
.23291015625
.117919921875
.134765625
.186767578125
.223388671875
.372802734375
.43359375
.2470703125
.16796875
.281005859375
.49267578125
.34423828125
.306884765625
.87646484375
.47607421875
.449951171875
.464111328125
.15576171875
.234130859375
.32861328125
.3623046875
.367431640625
.389404296875
.40478515625
.474609375
.55322265625
.649658203125
.315673828125
.29443359375
.846923828125
.53173828125
.667724609375
.51611328125
.2548828125
.231689453125
.24951171875
.302001953125
.345703125
.365478515625
.322509765625
.4716796875
.631591796875
.77783203125
.50048828125
.413330078125
.49462890625
.547119140625
.629638671875
.380859375
.3583984375
.40625
.497802734375
.458251953125
.494384765625
.552001953125
.71337890625
.749267578125
.562255859375
.426025390625
.429443359375
.310302734375
.201416015625
.26513671875
.335693359375
.11865234375
.09765625
.170166015625
.283203125
.26611328125
.19873046875
.338134765625
.4990234375
.4150390625
.392822265625
0
0
0
0
0
0
0
0
0
0
0
0
0
0
0
0
0
0
0
0
0
0
0
.01904296875
.1748046875
.30126953125
0
0
0
0
0
.0498046875
0
.212158203125
0
0
0
0
.312744140625
.32958984375
.43017578125
.085205078125
0
.00634765625
.044677734375
.25927734375
.029052734375
0
0
.40576171875
0
.083740234375
0
0
0
.27880859375
.056884765625
.193359375
0
0
.148681640625
.096435546875
.07275390625
.082275390625
0
0
0
.2509765625
0
0
.035400390625
.00537109375
.0966796875
.48681640625
0
.123046875
.165771484375
0
.167724609375
.188720703125
0
0
0
.225830078125
0
.0927734375
0
0
.22265625
.26416015625
0
.6083984375
.160400390625
0
0
.11181640625
.103271484375
0
.243408203125
.169677734375
.30078125
0
0
.26953125
.21630859375
.123291015625
0
.398681640625
.2666015625
0
0
.1142578125
0
0
.2705078125
.23974609375
.05126953125
0
.029541015625
.3935546875
.104248046875
0
.18017578125
.013916015625
.2724609375
0
0
0
0
0
.09814453125
.341796875
0
.1572265625
.57470703125
0
0
0
.131103515625
.407470703125
.3984375
0
0
.04052734375
0
0
0
.443115234375
0
.26513671875
.289794921875
0
0
0
.363037109375
.550537109375
.002197265625
0
0
.16552734375
0
0
0
.125
0
.3447265625
.109619140625
0
.132568359375
.32080078125
.234130859375
.06689453125
0
.0048828125
.081298828125
.159423828125
0
0
.034912109375
0
0
1.09716796875
.435546875
.073974609375
.1884765625
.191650390625
0
0
0
0
.0224609375
0
0
.152587890625
.170654296875
0
.98095703125
.939697265625
.208251953125
.03369140625
.02197265625
0
0
0
0
0
0
0
0
.259521484375
0
0
.91357421875
.472900390625
0
0
0
0
0
0
.046630859375
0
0
.309326171875
0
.05126953125
0
.115966796875
.619873046875
.2265625
0
0
0
0
0
0
0
0
.1640625
.39599609375
0
.3984375
.15966796875
.27880859375
.381591796875
.281982421875
.115234375
.15576171875
.075439453125
0
.196044921875
.172607421875
0
.21044921875
.50048828125
.434326171875
0
0
0
0
0
0
0
0
0
0
0
0
0
0
0
0
.208984375
.095458984375
.2490234375
.1533203125
0
.341552734375
0
.37744140625
.266845703125
.28125
0
0
0
.032958984375
.303955078125
0
0
0
.066162109375
0
0
.24560546875
0
0
0
0
0
0
0
0
.152099609375
0
0
0
0
0
0
0
0
0
0
.135009765625
0
0
0
0
.08935546875
0
0
0
0
0
0
0
0
0
0
.1591796875
0
0
.04638671875
0
0
0
0
.421142578125
0
.291748046875
.37646484375
0
.1240234375
0
0
0
0
0
.135498046875
0
0
0
0
.099853515625
0
.0673828125
.140869140625
0
0
0
0
.369873046875
0
0
.107421875
0
0
0
0
0
0
0
0
.12548828125
.114990234375
.329345703125
0
.347412109375
.05419921875
.10205078125
.1748046875
.10888671875
0
0
0
0
0
0
0
.181884765625
0
.042236328125
0
.11865234375
0
0
.212646484375
.01904296875
0
0
.267822265625
.050537109375
0
.225830078125
0
0
0
0
0
0
.07275390625
0
0
0
.023193359375
0
.49609375
.087890625
0
.043212890625
0
0
.212646484375
.203125
.057373046875
.165771484375
0
0
0
0
0
0
.3232421875
0
0
.59814453125
0
.2802734375
.43701171875
.103271484375
0
0
0
0
0
0
0
0
.013671875
0
.09130859375
.455078125
0
.22509765625
.0087890625
0
0
0
0
0
0
0
0
0
0
0
.16796875
.3095703125
0
.3955078125
0
0
0
0
0
0
0
0
0
0
0
0
.410888671875
.17724609375
0
.31640625
0
0
0
0
0
0
0
0
.043212890625
0
0
0
.028076171875
.054443359375
0
0
0
0
0
0
0
0
0
0
0
0
.322021484375
.2353515625
.056396484375
.0556640625
.04638671875
.034912109375
.102783203125
.214599609375
.1962890625
.212158203125
.158203125
.284423828125
.367431640625
.1953125
.042724609375
.051025390625
.296142578125
.453857421875
.167724609375
.1259765625
.17138671875
.55615234375
.47998046875
.51123046875
.462890625
.30859375
.108642578125
.066650390625
.25537109375
.548828125
.34326171875
.142333984375
.0517578125
.6064453125
.400146484375
.068115234375
.015869140625
.161376953125
.313232421875
.054931640625
.18017578125
.29345703125
.067138671875
.0537109375
0
.1669921875
.4248046875
.236083984375
0
.19287109375
.438720703125
.251220703125
0
0
.163330078125
.015625
0
.173583984375
.15771484375
0
0
0
.367431640625
.500732421875
.11865234375
.1748046875
.048095703125
.5048828125
.71875
.177001953125
0
0
0
0
.17578125
.2236328125
.02685546875
0
0
.506103515625
.126953125
.454345703125
.288330078125
.175537109375
.457763671875
.41845703125
.11962890625
0
0
0
.208740234375
.119384765625
.095947265625
0
0
.095703125
0
.19970703125
.257080078125
.239501953125
.099365234375
.220703125
.25244140625
.39697265625
0
.0078125
.06787109375
.0205078125
0
.02587890625
0
.076171875
0
0
.07373046875
.2109375
.110595703125
.61669921875
.393798828125
.188720703125
0
.158447265625
.431396484375
.14306640625
.22119140625
.08251953125
0
.13134765625
0
0
0
.241455078125
.16943359375
.218017578125
.413330078125
.015869140625
.148193359375
.13232421875
.37841796875
.443115234375
.03125
.05419921875
.03271484375
.1533203125
.099853515625
0
0
0
0
.09423828125
.102294921875
0
.08056640625
.470703125
.322021484375
.117431640625
.096435546875
.238525390625
.18212890625
.312744140625
.244873046875
.189208984375
0
.030029296875
.58984375
.642822265625
.457763671875
.37744140625
.34130859375
.1494140625
.144775390625
.04296875
0
0
0
.169921875
.033447265625
.675537109375
.11083984375
.0166015625
.42041015625
.52099609375
.205810546875
.077880859375
.044921875
.062255859375
0
0
0
0
0
.06884765625
0
.27197265625
.5859375
.196533203125
.104248046875
.065185546875
0
0
0
0
0
0
0
0
0
.267822265625
0
0
.186767578125
.62255859375
.296630859375
.005859375
0
0
0
0
0
0
0
0
0
.328857421875
0
0
0
.154052734375
.20263671875
.02587890625
.01708984375
.0615234375
0
0
0
0
0
0
0
.1962890625
0
0
0
0
0
0
0
0
0
0
0
0
0
0
0
0
.072021484375
.21923828125
.1552734375
.13232421875
0
.1923828125
.12109375
0
0
0
0
0
.052490234375
.13671875
.0849609375
0
.294921875
.206298828125
.16552734375
.05908203125
0
.279541015625
.20947265625
0
0
0
0
0
0
0
.05908203125
0
0
0
.070068359375
.06005859375
0
0
.032470703125
0
0
0
.3623046875
.08837890625
0
0
.097900390625
0
0
0
0
0
0
0
0
0
0
0
.4404296875
0
0
0
0
0
0
.171630859375
0
0
.291259765625
0
.166748046875
0
0
0
.509521484375
0
0
0
0
0
0
.4775390625
.009765625
0
.049072265625
.07568359375
.266357421875
0
0
0
.618896484375
0
0
.065673828125
0
0
0
.34814453125
.188232421875
0
0
0
.4716796875
.1669921875
0
0
.655517578125
0
0
.160400390625
.108154296875
0
0
.42578125
0
0
0
0
.35888671875
0
0
0
.381103515625
0
0
.100830078125
.168212890625
0
.24755859375
.592529296875
0
0
0
0
0
0
0
0
0
0
0
0
.109375
0
.549560546875
.666259765625
0
0
0
0
0
.068603515625
0
0
0
0
0
0
.143310546875
0
.410400390625
.78466796875
0
0
.4169921875
0
0
.7392578125
.065185546875
0
0
0
0
.0595703125
.113525390625
0
0
.394287109375
0
0
.71044921875
0
0
.017578125
0
0
0
0
0
0
.1025390625
.064453125
0
0
0
.549560546875
.22900390625
0
0
0
0
0
0
0
0
0
.194580078125
.366943359375
0
0
0
.750244140625
0
0
0
0
0
0
0
0
0
0
.152099609375
.23974609375
.349365234375
0
0
.32275390625
0
0
.06494140625
0
0
.1767578125
.027587890625
0
0
.25537109375
.344970703125
0
.179931640625
0
0
0
0
0
0
0
0
.05126953125
0
0
0
.22802734375
0
0
0
0
0
0
0
.104736328125
.1826171875
0
0
0
0
0
0
0
0
0
0
0
0
0
0
0
0
0
0
0
0
0
0
0
0
0
0
0
0
0
0
0
0
0
.063720703125
0
0
0
0
0
0
0
.290283203125
.339599609375
.17333984375
0
.30712890625
.5732421875
0
0
0
0
0
0
0
0
0
0
0
0
0
0
0
0
0
0
0
.210205078125
.21923828125
0
0
0
0
0
0
0
0
0
0
0
0
0
0
0
0
0
0
0
.051025390625
0
0
0
0
0
0
0
0
0
0
0
0
0
0
0
0
0
0
0
0
0
0
0
0
0
0
0
0
0
0
0
0
0
0
0
0
0
0
0
0
.056640625
.242919921875
.178466796875
0
0
0
.2646484375
0
0
0
0
0
.000732421875
.677490234375
.661865234375
.331787109375
.269775390625
0
0
0
0
.148681640625
0
0
0
0
0
0
.10986328125
0
0
0
0
0
0
0
0
0
0
0
0
0
0
0
0
0
0
0
0
0
0
0
0
0
0
.18603515625
.047607421875
.071533203125
0
0
0
0
0
0
0
0
0
0
0
0
0
.047607421875
0
0
0
0
0
0
0
0
.020263671875
.07958984375
.089599609375
0
0
.11181640625
.211181640625
.064453125
0
0
0
0
0
0
0
0
0
0
0
0
.017333984375
0
0
0
0
0
0
0
0
0
0
0
0
0
0
0
0
0
0
0
0
0
0
0
0
0
0
0
0
0
0
0
0
0
0
0
0
0
0
0
0
0
0
0
0
0
0
.09375
.118408203125
.12841796875
.088134765625
.041259765625
0
0
0
0
0
0
0
0
0
0
0
.264892578125
.239990234375
.323974609375
.3193359375
.156982421875
0
0
.0380859375
0
0
0
0
0
0
0
0
.095458984375
.093505859375
.147705078125
.30029296875
.24169921875
0
0
.509521484375
.0869140625
0
0
0
0
.038330078125
0
0
0
.039794921875
.184814453125
.2724609375
.28369140625
0
0
.7724609375
.3291015625
0
0
0
0
.095947265625
0
0
0
.125
.1025390625
.23291015625
.279296875
.075927734375
0
.719970703125
.436279296875
0
0
0
0
.18603515625
0
0
.023681640625
.076171875
.061767578125
.1630859375
.196044921875
0
0
.582275390625
.491943359375
0
0
0
0
.036865234375
0
0
0
.035400390625
0
0
0
0
0
.697998046875
.287109375
.239990234375
0
0
0
0
0
0
0
0
0
0
0
0
0
.82861328125
0
.08056640625
0
0
0
0
.112548828125
0
0
0
0
.014892578125
0
0
0
.806396484375
0
0
0
0
0
0
.175537109375
.1640625
0
.083740234375
.266357421875
.36767578125
.342529296875
.1748046875
0
.626220703125
0
0
0
0
0
.04736328125
.154541015625
.2998046875
.380615234375
.356689453125
.3779296875
.495849609375
.563232421875
.527587890625
0
.8115234375
0
0
0
.1337890625
.330322265625
.338134765625
.364013671875
.45703125
.39208984375
.36181640625
.377197265625
.35498046875
.4130859375
.549560546875
.052978515625
.882080078125
.10791015625
0
.213623046875
.398681640625
.485595703125
.434326171875
.390869140625
.379150390625
.420654296875
.380859375
.294921875
.262451171875
.415771484375
.54541015625
.001220703125
1.03369140625
.470947265625
.34716796875
.36572265625
.46533203125
.441650390625
.414306640625
.4228515625
.41259765625
.47607421875
.347900390625
.223388671875
.247802734375
.497314453125
.651611328125
0
.363037109375
.124755859375
.166259765625
.099365234375
.129638671875
.11083984375
.0595703125
0
0
0
0
0
0
.0849609375
.2861328125
0
0
0
0
0
0
0
0
0
0
0
0
0
0
0
.049072265625
0
0
0
0
0
0
0
0
0
0
0
0
0
0
0
0
.31787109375
.311767578125
0
0
0
0
.156494140625
.025390625
.091796875
0
.136962890625
0
.1298828125
.130126953125
0
.209228515625
.374755859375
.376953125
.455322265625
0
0
0
.0673828125
.019775390625
.10498046875
0
.185546875
0
0
.0380859375
0
.411376953125
.0390625
.22998046875
.82177734375
0
.05517578125
.1787109375
0
0
.125732421875
0
.492431640625
.13671875
0
.06640625
0
.51953125
0
.291748046875
.485107421875
0
0
0
0
0
.22509765625
0
.7119140625
.08837890625
0
0
0
.447998046875
0
.744140625
.24267578125
.138671875
0
.173828125
.20556640625
0
.07958984375
0
.72802734375
.008544921875
0
0
0
.174072265625
0
.84521484375
.159423828125
.431640625
0
.126220703125
.3291015625
0
0
0
.55029296875
.135498046875
0
0
0
.109619140625
0
.6689453125
.04638671875
.17919921875
.13232421875
0
.083740234375
0
0
.05224609375
.373046875
.17333984375
0
0
0
.160888671875
0
.388427734375
0
0
.4208984375
.14501953125
0
.2119140625
.11669921875
.119140625
.07861328125
.23095703125
0
0
0
.140625
0
.47314453125
.011474609375
0
.864501953125
.45458984375
.1689453125
.255615234375
.040283203125
.060302734375
0
.08935546875
.131103515625
.181640625
.054931640625
.32421875
0
.744384765625
0
0
.606201171875
0
0
0
0
0
0
0
0
.06689453125
0
.462646484375
0
.781005859375
0
0
.40673828125
0
0
0
0
0
0
0
0
0
0
.515380859375
0
.618896484375
0
.51904296875
.295166015625
0
0
0
0
0
0
0
0
0
0
.371337890625
.0009765625
.546630859375
0
.43505859375
.3564453125
.104736328125
.027099609375
.035888671875
0
.00146484375
.109130859375
.010498046875
0
.133544921875
.13623046875
.32421875
0
.21044921875
0
0
.121826171875
0
0
0
0
0
0
0
0
0
0
.064697265625
0
0
0
0
0
0
0
0
0
0
0
0
0
0
0
0
0
0
0
0
0
0
0
0
0
0
0
0
0
0
0
0
0
0
0
0
0
0
0
0
0
0
0
0
0
0
0
0
0
0
0
0
0
0
0
0
0
0
0
.1484375
0
0
0
0
0
0
0
0
0
0
0
.1396484375
0
0
0
0
0
0
0
0
0
0
0
0
0
.23291015625
0
0
0
0
0
0
0
0
0
0
0
0
0
0
0
0
0
0
0
0
0
0
0
0
0
0
0
0
0
0
0
0
0
.0498046875
.077392578125
0
0
0
0
0
.02685546875
0
0
0
0
0
0
0
0
0
0
0
0
0
0
0
0
0
0
.22900390625
0
0
.036865234375
.0693359375
0
0
0
0
0
0
0
0
0
0
0
.090576171875
0
0
0
0
0
0
0
0
0
0
0
0
0
0
0
0
0
0
.37060546875
.54736328125
.455810546875
.4423828125
.33544921875
.19970703125
.226318359375
.299560546875
.1396484375
.07470703125
.18017578125
0
0
.009521484375
0
0
.072265625
0
.127197265625
.1572265625
.21240234375
.23681640625
.102783203125
.0107421875
.017578125
.016357421875
.045166015625
0
0
.17529296875
0
0
.0126953125
0
.10009765625
.03466796875
.071044921875
.11376953125
.14208984375
.166748046875
.168212890625
.193115234375
.3125
0
0
.20556640625
.073974609375
0
.196044921875
.0732421875
.046630859375
0
0
0
.035400390625
0
0
0
.052734375
0
0
.1865234375
.09228515625
.117431640625
.238525390625
.188232421875
.1494140625
.20654296875
.180908203125
.103515625
.070068359375
.093994140625
.1318359375
.169677734375
.213134765625
0
.34912109375
.18994140625
.135986328125
.120849609375
.03564453125
0
.225341796875
.08056640625
.026611328125
0
0
.041748046875
.067138671875
.084228515625
0
0
.093017578125
0
0
0
0
0
0
0
0
0
.08154296875
.069091796875
.044677734375
.01416015625
0
0
0
0
0
0
0
0
0
.099365234375
.462890625
.135009765625
.131591796875
.0546875
.09130859375
.25146484375
.066650390625
0
.211669921875
.572509765625
.641845703125
0
0
.1689453125
.280517578125
.417236328125
.112060546875
0
0
0
0
.173583984375
.087646484375
0
.34521484375
.249267578125
.40185546875
0
0
.232666015625
0
0
0
0
.216796875
0
0
.04833984375
.198486328125
.02978515625
.0615234375
0
.328125
0
0
0
0
0
.110107421875
.02197265625
.24658203125
0
0
0
.203125
.063720703125
.111328125
0
.22021484375
0
0
0
0
0
0
0
.11279296875
0
0
0
.062744140625
0
.136962890625
0
.413818359375
.063720703125
.066650390625
0
0
0
0
0
0
0
0
0
0
0
0
0
.142333984375
0
.021484375
0
.109130859375
0
.080810546875
0
0
0
0
.16748046875
.2265625
0
0
0
0
0
0
.054443359375
.23876953125
0
0
0
0
.0400390625
.282958984375
.225830078125
.023681640625
0
0
0
0
0
.321044921875
0
0
0
0
0
.307373046875
.417724609375
.13330078125
0
.077392578125
.055908203125
0
0
.124755859375
0
0
0
0
.041748046875
.1533203125
.200927734375
.123046875
0
0
0
0
.032958984375
0
0
0
0
.125732421875
.14453125
.2197265625
.2470703125
.11083984375
0
0
0
0
0
0
0
0
.087158203125
0
0
0
0
0
0
0
0
0
0
0
0
0
0
0
0
.0205078125
.140625
.159912109375
0
0
0
0
0
0
0
0
0
0
.01708984375
0
0
0
.12841796875
.060791015625
0
0
0
0
0
0
0
0
0
.000244140625
.060791015625
.153076171875
.22412109375
.282470703125
.294921875
.38720703125
.25537109375
.3994140625
.185546875
.239013671875
.185791015625
.23583984375
.2578125
.194580078125
.240478515625
.206787109375
.2041015625
0
0
0
0
0
0
0
0
0
0
0
0
0
0
0
0
.211669921875
.106201171875
.024169921875
.079345703125
.031005859375
.177978515625
0
.12109375
0
0
0
0
0
.32080078125
.06005859375
0
.023193359375
.046875
.2109375
.1328125
0
.29248046875
0
0
.0849609375
.270751953125
0
.054931640625
0
.033203125
.43408203125
0
0
0
.147216796875
.39013671875
0
.09912109375
.03271484375
0
.17919921875
.22802734375
0
0
.0283203125
0
.470703125
0
0
0
0
.343017578125
.125244140625
0
0
0
.198486328125
.063232421875
0
0
.107421875
0
0
.096923828125
0
0
0
0
.734130859375
0
.099365234375
0
.081298828125
.18408203125
0
0
.18994140625
0
0
0
0
0
0
0
.313720703125
0
0
0
0
.31591796875
0
0
.0654296875
.0498046875
0
0
0
0
0
.045166015625
0
.297119140625
0
0
0
0
0
0
.13134765625
.067138671875
0
0
0
0
0
.241943359375
0
.138916015625
0
0
0
0
0
0
0
0
0
0
.096923828125
0
.039794921875
0
0
0
0
0
0
.04931640625
0
0
0
0
0
0
.32958984375
0
0
0
0
0
0
0
0
0
0
0
0
0
0
0
0
.05126953125
0
0
0
0
0
0
0
0
0
0
0
0
0
0
0
0
0
0
0
0
0
0
0
0
0
0
0
0
0
0
0
0
0
0
0
0
0
0
0
0
0
0
0
0
0
0
0
0
0
0
0
0
0
0
0
0
0
0
0
0
0
0
0
0
0
0
0
0
0
0
0
0
0
0
0
0
0
0
0
0
0
0
0
0
0
0
0
0
.20361328125
.25341796875
.17236328125
0
0
0
0
0
0
0
0
0
.134521484375
.41064453125
.2421875
0
0
0
.029296875
0
0
0
.09912109375
0
.024169921875
0
0
0
0
0
0
0
0
0
.025390625
.009033203125
0
0
0
0
0
0
0
0
0
0
0
0
0
0
0
.012451171875
0
.06640625
0
0
0
0
0
0
0
0
0
0
0
0
0
0
0
.16162109375
0
0
0
0
0
0
0
0
0
0
0
0
0
0
0
.001220703125
0
0
0
0
0
0
0
0
0
0
0
0
0
0
0
.041748046875
0
0
0
0
0
.00390625
.04931640625
.00146484375
0
.080078125
0
.042236328125
.005126953125
0
0
0
0
0
0
0
0
0
0
0
0
0
0
0
0
0
0
0
0
0
0
0
0
0
0
0
0
.170654296875
.245849609375
.109130859375
.18994140625
.197509765625
.0791015625
.224365234375
0
0
0
0
0
.2783203125
.832763671875
.6826171875
.4443359375
.092041015625
0
0
.031982421875
0
0
.16015625
.039306640625
0
0
0
0
0
0
0
0
.01220703125
.023681640625
0
0
0
0
0
0
0
0
0
0
.002685546875
.031494140625
.006103515625
0
0
0
0
.04296875
.033447265625
0
.12109375
0
0
.056884765625
.06591796875
.16796875
.22412109375
0
0
0
0
0
0
0
0
0
.055419921875
0
0
0
0
0
.112548828125
.1689453125
.221435546875
.1103515625
.001953125
.002685546875
0
0
0
0
.093994140625
0
0
.004638671875
.062744140625
.112548828125
0
0
.067626953125
0
0
0
0
0
0
.076416015625
.0322265625
0
0
0
0
0
0
0
.03857421875
0
0
0
0
0
0
0
0
0
0
0
0
0
0
0
.08447265625
0
0
0
.0615234375
.115478515625
0
0
0
0
0
0
0
0
0
0
0
0
0
0
.07080078125
.384765625
0
0
0
0
0
0
0
0
0
0
.227783203125
.011962890625
0
0
.16943359375
.220947265625
0
0
0
0
0
0
0
0
0
0
.086181640625
0
0
0
.495849609375
.171142578125
0
0
0
0
0
.209228515625
0
0
0
0
.40234375
0
0
.12158203125
.3310546875
.032958984375
0
.2314453125
.10205078125
0
0
.036865234375
0
0
0
.17919921875
.5107421875
0
0
.24365234375
.072509765625
.062744140625
.004150390625
.261962890625
.00830078125
0
0
0
0
0
.0595703125
.298095703125
0
0
0
.038330078125
.327880859375
.097900390625
0
0
0
0
0
0
0
0
0
0
0
0
.016357421875
.288330078125
.0615234375
0
0
0
.1005859375
0
0
0
0
0
0
0
0
.25439453125
.216796875
0
0
0
0
.13671875
.029052734375
0
0
0
0
.023193359375
.62744140625
.236083984375
.2470703125
.2119140625
0
0
0
0
.044189453125
.17236328125
.142333984375
0
0
0
0
1.037109375
.628173828125
0
.072265625
0
0
0
0
.04931640625
.0029296875
0
.312255859375
0
0
0
0
.46142578125
.178955078125
0
.113525390625
.044677734375
0
0
.131103515625
.00439453125
0
.16552734375
.669189453125
0
0
0
.157958984375
.04443359375
0
.015380859375
.0146484375
0
0
.137939453125
.083740234375
0
0
.884033203125
.62109375
0
.2314453125
.249755859375
.20068359375
0
.01806640625
.16552734375
.083740234375
0
.11669921875
.27734375
0
0
.523681640625
.6943359375
.358154296875
0
0
0
0
0
0
0
0
0
0
0
0
0
0
0
0
.0126953125
0
0
0
.063232421875
0
.190185546875
0
0
0
.051513671875
.096435546875
.1298828125
0
0
0
.044677734375
0
0
0
0
0
0
0
0
.03369140625
.09228515625
0
.177001953125
.127197265625
0
0
.08544921875
.28173828125
0
0
0
0
0
.0458984375
.077392578125
0
0
0
0
.4423828125
.14013671875
0
.041259765625
.41162109375
.390380859375
0
0
0
0
0
0
.08935546875
0
0
0
.182373046875
.525390625
0
.081298828125
.392822265625
0
.17822265625
0
.138427734375
0
0
0
.1826171875
.1630859375
0
.02392578125
0
.272705078125
.291748046875
.317626953125
.50732421875
0
0
.296875
.270263671875
.122314453125
0
.018798828125
.174072265625
.294189453125
.06005859375
.091796875
.011962890625
.06787109375
.101806640625
.31201171875
.38427734375
.32763671875
0
.35986328125
.002197265625
.1611328125
0
0
.413818359375
.072265625
.046875
0
.019775390625
.0615234375
.029296875
.072509765625
.18701171875
.32568359375
0
.0517578125
.05859375
0
.204833984375
0
.285888671875
.09130859375
0
.08447265625
.216552734375
.18359375
0
0
.210205078125
0
0
0
.263916015625
.15673828125
.07080078125
.25390625
0
.126953125
.035888671875
.283935546875
.24951171875
0
0
0
.043212890625
0
.18310546875
.13818359375
.0673828125
.0517578125
0
0
0
0
.089599609375
.1708984375
.050537109375
0
0
.342041015625
0
0
.0830078125
0
0
.0263671875
.09326171875
.006591796875
.07958984375
.027587890625
0
0
.01904296875
0
0
.271240234375
.2685546875
0
0
0
.08740234375
.255615234375
.035888671875
.01171875
0
0
0
0
0
0
0
0
.452392578125
.33837890625
0
.17724609375
.171630859375
0
0
0
0
0
0
0
0
0
.005126953125
0
0
.186767578125
.13623046875
.0859375
.183349609375
0
0
0
0
0
0
0
0
0
.19970703125
.16357421875
.332275390625
.281005859375
.5654296875
.372802734375
.3359375
.19921875
.219482421875
.232666015625
.19384765625
.212158203125
.3271484375
.2294921875
.171142578125
.380615234375
.5185546875
0
0
0
0
0
0
0
0
0
0
0
0
0
0
0
0
0
0
0
0
0
0
0
0
0
0
0
0
0
0
0
0
0
0
0
0
0
0
0
0
0
0
0
0
0
0
0
0
0
0
0
0
0
0
0
0
0
0
0
0
0
0
0
0
0
0
0
0
0
0
0
0
0
0
0
0
0
0
0
0
0
0
0
0
0
0
0
0
0
0
0
0
0
0
0
0
0
0
0
0
0
0
0
0
0
0
0
0
0
0
0
0
0
0
0
0
0
0
0
0
0
0
0
0
0
0
0
0
0
0
0
0
0
0
0
0
0
0
0
0
0
0
0
0
0
0
0
0
0
0
0
0
0
0
0
0
0
0
0
0
0
0
0
0
0
0
0
0
0
0
0
0
0
0
0
0
0
0
0
0
0
0
0
0
0
0
0
0
0
0
0
0
0
0
0
0
0
0
.04248046875
0
0
0
0
0
0
0
0
0
0
0
0
0
0
0
0
0
0
0
0
0
0
0
0
0
0
0
0
0
0
0
0
0
0
0
0
0
0
0
0
0
0
0
.03466796875
.127685546875
.1689453125
.090087890625
.02685546875
.01318359375
0
0
0
0
0
0
0
0
