0
0
0
0
0
0
0
0
0
0
0
0
0
0
0
0
0
0
0
0
0
0
0
0
0
0
0
0
0
0
0
0
0
0
0
0
0
0
0
0
0
0
0
0
0
0
0
0
0
0
0
0
0
0
0
0
0
0
0
0
0
0
0
0
0
0
0
0
0
0
0
0
0
0
0
0
0
0
0
0
0
0
0
0
0
0
0
0
0
0
0
0
0
0
0
0
0
0
.0078125
0
0
0
0
0
0
0
0
0
0
.087646484375
.042236328125
0
.07421875
.087890625
0
.12744140625
.125
0
.172119140625
.035400390625
0
.0009765625
.005126953125
0
.146728515625
.05517578125
0
.4072265625
.432861328125
0
.3349609375
.339599609375
0
0
0
0
.052734375
.016845703125
0
.21875
.233154296875
0
.14794921875
.1494140625
0
.04638671875
.009765625
0
.08935546875
0
0
.58349609375
.102783203125
0
.04931640625
.0341796875
0
0
0
0
.11767578125
.14306640625
0
.4482421875
.384765625
0
.009765625
.00390625
0
.0859375
.096923828125
0
.156494140625
.166015625
0
.01611328125
0
0
0
0
0
.365234375
.37939453125
0
0
0
0
.3837890625
.3427734375
0
.7109375
.150390625
0
0
.0146484375
0
0
0
0
0
0
0
0
0
0
.070556640625
.012451171875
0
.05126953125
.070068359375
0
.0478515625
.0556640625
0
.021240234375
.033447265625
0
0
0
0
0
0
0
.430908203125
.466064453125
0
.03173828125
.03271484375
0
0
0
0
.04736328125
0
0
.1923828125
.199951171875
0
.008056640625
.017578125
0
.037841796875
.020263671875
0
.096435546875
0
0
.596923828125
.0849609375
0
.033447265625
.034423828125
0
0
0
0
.026611328125
.03564453125
0
.173828125
.080810546875
0
0
0
0
.095947265625
.0888671875
0
.16943359375
.1650390625
0
0
0
0
0
0
0
.1796875
.20068359375
0
0
0
0
.244140625
.05810546875
0
.738037109375
.151611328125
0
0
.00146484375
0
0
0
0
0
0
0
0
0
0
.088623046875
.04052734375
0
.06103515625
.0693359375
0
.01318359375
.027587890625
0
.030517578125
.036865234375
0
0
.005126953125
0
0
0
0
.437255859375
.468994140625
0
.01171875
.019775390625
0
0
0
0
.072509765625
.0087890625
0
.22021484375
.2158203125
0
.009521484375
.01513671875
0
.039794921875
.0146484375
0
.09423828125
0
0
.58837890625
.07568359375
0
.05712890625
.05029296875
0
0
0
0
.00634765625
.017578125
0
.1533203125
.045654296875
0
0
0
0
.1025390625
.0771484375
0
.185546875
.176513671875
0
0
0
0
0
0
0
.18310546875
.185791015625
0
0
0
0
.239990234375
.04541015625
0
.74658203125
.13671875
0
0
0
0
0
0
0
0
0
0
0
0
0
.08740234375
.026611328125
0
.061279296875
.06640625
0
.018310546875
.0234375
0
.0400390625
.025146484375
0
0
0
0
0
0
0
.44091796875
.456787109375
0
.014404296875
.01513671875
0
0
0
0
.053955078125
0
0
.211669921875
.2216796875
0
.01513671875
.018798828125
0
.025146484375
0
0
.09375
0
0
.586181640625
.07861328125
0
.029052734375
.031982421875
0
0
0
0
0
0
0
.165771484375
.03759765625
0
0
0
0
.09814453125
.08935546875
0
.168701171875
.179443359375
0
0
0
0
0
0
0
.172119140625
.183837890625
0
0
0
0
.24755859375
.034423828125
0
.7392578125
.148681640625
0
.001953125
.012451171875
0
0
0
0
0
0
0
0
0
0
.094482421875
.03662109375
0
.07470703125
.060546875
0
.02392578125
.01904296875
0
.037109375
.021728515625
0
.00537109375
0
0
0
0
0
.4443359375
.451171875
0
0
.033203125
0
0
0
0
.0556640625
0
0
.224853515625
.2236328125
0
.016357421875
.01318359375
0
.0263671875
.02294921875
0
.092529296875
0
0
.572021484375
.095947265625
0
.0244140625
.04052734375
0
0
0
0
0
.036865234375
0
.14501953125
.046630859375
0
0
0
0
.095947265625
.0927734375
0
.17236328125
.172119140625
0
0
0
0
0
0
0
.175048828125
.184814453125
0
0
0
0
.238525390625
.02783203125
0
.724365234375
.155517578125
0
.008544921875
.166748046875
0
0
0
0
0
0
0
0
0
0
.083251953125
0
0
.056396484375
.05029296875
0
.04638671875
.01513671875
0
.02001953125
.125732421875
0
0
.048583984375
0
0
0
0
.41845703125
.46435546875
0
.020751953125
.2080078125
0
0
.001953125
0
.0361328125
0
0
.187255859375
.172607421875
0
.008056640625
.123779296875
0
.02880859375
.165771484375
0
.090087890625
0
0
.58251953125
.2763671875
0
.029052734375
.05712890625
0
0
0
0
.008056640625
.21337890625
0
.16748046875
.25390625
0
0
0
0
.08837890625
.153076171875
0
.146728515625
.1396484375
0
0
0
0
0
0
0
.14892578125
.1005859375
0
0
0
0
.2431640625
.104248046875
0
.71630859375
.328369140625
0
0
.038330078125
0
0
.11328125
0
0
0
0
0
.09423828125
0
.077392578125
.06201171875
0
.066162109375
.099853515625
0
.031494140625
.0615234375
0
.043212890625
.039306640625
0
0
0
0
0
0
0
.45458984375
.524169921875
0
.002685546875
0
0
0
0
0
.064697265625
.1767578125
0
.222412109375
.235595703125
0
.013671875
.03076171875
0
.03466796875
0
0
.0859375
0
0
.60888671875
.154052734375
0
.0341796875
.075439453125
0
0
0
0
0
.009033203125
0
.159423828125
.028076171875
0
0
0
0
.0947265625
.23046875
0
.1708984375
.293701171875
0
0
0
0
0
0
0
.228271484375
.211669921875
0
0
0
0
.262451171875
.05029296875
0
.755126953125
.39453125
0
0
.013671875
0
0
0
0
0
0
0
0
.00048828125
0
.099853515625
.010986328125
0
.074462890625
.041015625
0
.041015625
.072265625
0
.045166015625
0
0
.01025390625
.01904296875
0
0
0
0
.486572265625
.469482421875
0
.006103515625
.0185546875
0
0
0
0
.04736328125
.000244140625
0
.24755859375
.223388671875
0
.017333984375
.0263671875
0
.022705078125
0
0
.077880859375
0
0
.5986328125
.066650390625
0
.033447265625
.013427734375
0
0
0
0
0
.00390625
0
.1572265625
.039306640625
0
0
0
0
.08544921875
.10107421875
0
.183837890625
.16552734375
0
0
0
0
0
0
0
.22412109375
.218017578125
0
0
0
0
.25048828125
.032958984375
0
.755859375
.119140625
0
.004638671875
.010986328125
0
0
0
0
0
0
0
0
.04248046875
0
.113037109375
.04345703125
0
.07470703125
.056884765625
0
.04150390625
.078369140625
0
.036376953125
0
0
.01708984375
.090576171875
0
0
0
0
.477294921875
.450927734375
0
.00146484375
.00439453125
0
0
0
0
.04541015625
0
0
.241455078125
.20068359375
0
.031494140625
.049560546875
0
.020263671875
0
0
.079833984375
0
0
.574951171875
.077880859375
0
.02734375
.09228515625
0
0
.025634765625
0
0
.003173828125
0
.129150390625
.0283203125
0
0
.0888671875
0
.09521484375
.107421875
0
.171630859375
.152099609375
0
0
0
0
0
0
0
.197021484375
.1708984375
0
0
0
0
.246337890625
.0283203125
0
.738037109375
.114013671875
0
0
.09619140625
0
0
0
0
0
0
0
0
0
0
.097412109375
.047607421875
0
.06298828125
.024169921875
0
.0625
.084716796875
0
.02294921875
.0107421875
0
0
.1904296875
0
0
0
0
.403564453125
.32568359375
0
.001708984375
.09814453125
0
0
0
0
.041015625
0
0
.18505859375
.19384765625
0
.032470703125
.06005859375
0
.02734375
.0380859375
0
.095947265625
0
0
.56494140625
.06787109375
0
.022216796875
.077880859375
0
0
.029052734375
0
0
.055419921875
0
.149169921875
.091796875
0
0
.02587890625
0
.096923828125
.1083984375
0
.130126953125
.124267578125
0
0
0
0
0
0
0
.14794921875
.08984375
0
0
0
0
.232177734375
0
0
.701171875
.00830078125
0
0
.11669921875
0
0
.111572265625
0
0
0
0
0
0
0
.08203125
0
0
.00537109375
.03076171875
0
.073974609375
.13818359375
0
0
0
0
.02490234375
.1123046875
0
0
0
0
.306884765625
.220458984375
0
0
.018310546875
0
0
.003173828125
0
.058837890625
.049560546875
0
.170654296875
.14794921875
0
.0107421875
.04931640625
0
.0205078125
.001953125
0
.1044921875
0
0
.549560546875
.13330078125
0
.0498046875
0
0
0
.062255859375
0
0
0
0
.133056640625
.0771484375
0
.011474609375
0
0
.103515625
.15869140625
0
.12548828125
.1015625
0
0
.04736328125
0
0
0
0
.15771484375
.07958984375
0
0
0
0
.218994140625
0
0
.684814453125
.16796875
0
0
.130126953125
0
0
.111328125
0
0
0
0
0
.063720703125
0
.072265625
0
0
0
.053466796875
0
.07763671875
.163330078125
0
0
0
0
.041748046875
.0615234375
0
0
0
0
.29931640625
.202880859375
0
.029296875
.006103515625
0
0
0
0
.056396484375
.10693359375
0
.164306640625
.123291015625
0
.010009765625
.040283203125
0
.02978515625
.00341796875
0
.097412109375
0
0
.546630859375
.069580078125
0
.04345703125
.03076171875
0
0
.06640625
0
.00732421875
.015625
0
.13671875
.02734375
0
.0029296875
0
0
.09375
.165283203125
0
.111572265625
.09033203125
0
0
.041748046875
0
0
0
0
.194580078125
.169921875
0
0
0
0
.2197265625
.008056640625
0
.669189453125
.166259765625
0
0
.09521484375
0
0
.02001953125
0
0
0
0
0
.034912109375
0
.080810546875
0
0
.0087890625
.052001953125
0
.058349609375
.1552734375
0
.016845703125
0
0
.0224609375
.072265625
0
0
0
0
.346923828125
.24853515625
0
.03857421875
.04833984375
0
0
0
0
.06005859375
.038330078125
0
.166259765625
.137451171875
0
.0185546875
.032470703125
0
.018798828125
.026611328125
0
.097412109375
0
0
.53955078125
0
0
.029296875
.0634765625
0
0
.090576171875
0
.016845703125
.0439453125
0
.13720703125
.02978515625
0
0
.000732421875
0
.093505859375
.114013671875
0
.13037109375
.08203125
0
0
0
0
0
0
0
.175537109375
.201171875
0
0
0
0
.228759765625
.00146484375
0
.67041015625
0
0
0
.017578125
0
0
0
0
0
0
0
0
0
0
.081298828125
.013671875
0
.062255859375
.024658203125
0
.01904296875
.1650390625
0
.03076171875
0
0
0
.05322265625
0
0
0
0
.385986328125
.347900390625
0
.00048828125
.07177734375
0
0
0
0
.055419921875
.018798828125
0
.197021484375
.19091796875
0
.02490234375
.02734375
0
.023681640625
.0205078125
0
.09521484375
0
0
.516357421875
.06005859375
0
.039306640625
.024658203125
0
0
.034423828125
0
0
.042236328125
0
.13330078125
.033203125
0
0
0
0
.083984375
.072265625
0
.15966796875
.142333984375
0
0
0
0
0
0
0
.175048828125
.2119140625
0
0
0
0
.2255859375
.020263671875
0
.64892578125
.09130859375
0
0
.004150390625
0
0
0
0
0
0
0
0
0
0
.094482421875
.031005859375
0
.074462890625
.0576171875
0
.01806640625
.0439453125
0
.0302734375
.01025390625
0
.010986328125
.0166015625
0
0
0
0
.391357421875
.384521484375
0
0
.040283203125
0
0
0
0
.047119140625
.004150390625
0
.208251953125
.19970703125
0
.029052734375
.03759765625
0
.012451171875
0
0
.093505859375
0
0
.49755859375
.07958984375
0
.02294921875
.01611328125
0
0
0
0
0
.006103515625
0
.1171875
.02783203125
0
0
0
0
.077880859375
.087890625
0
.1513671875
.143798828125
0
0
0
0
0
0
0
.17431640625
.1923828125
0
0
0
0
.22802734375
.03955078125
0
.626708984375
.133056640625
0
0
.002685546875
0
.1708984375
.180908203125
0
0
0
0
.044189453125
0
0
.095703125
.0712890625
0
.11328125
.0810546875
0
.00146484375
0
0
.01953125
.017333984375
0
.0302734375
.031005859375
0
0
0
0
.353515625
.364013671875
0
0
0
0
0
0
0
.068603515625
.0029296875
0
.26318359375
.274169921875
0
.1474609375
.15576171875
0
.01025390625
0
0
.16357421875
.013671875
0
.44970703125
.07666015625
0
.0234375
.0283203125
0
0
0
0
0
0
0
.08642578125
.002197265625
0
.10595703125
.111328125
0
.123779296875
.089111328125
0
.27587890625
.292724609375
0
0
0
0
0
0
0
.113525390625
.1298828125
0
0
0
0
.19384765625
.030029296875
0
.573974609375
.13525390625
0
0
0
0
0
0
0
0
0
0
0
0
0
0
0
0
0
0
0
0
0
0
0
0
0
0
0
0
0
0
0
0
0
0
0
0
0
0
0
0
0
0
0
0
0
0
0
0
0
0
0
0
0
0
0
0
0
0
0
0
0
0
0
0
0
0
0
0
0
0
0
0
0
0
0
0
0
0
0
0
0
0
0
0
0
0
0
0
0
0
0
0
0
0
0
0
0
0
0
0
0
0
0
0
0
0
0
0
0
0
0
0
0
0
0
0
0
0
0
0
0
0
0
0
0
0
0
0
0
0
0
.088134765625
.001708984375
.06591796875
.134521484375
0
0
.06201171875
.38671875
.325927734375
0
.00634765625
.165283203125
.137451171875
.003173828125
0
.086669921875
.000244140625
.03662109375
.1376953125
.393798828125
.047607421875
.094482421875
.158203125
0
0
.359619140625
0
.345947265625
.082763671875
.01416015625
0
0
.00927734375
.070556640625
.01123046875
.143310546875
0
.1142578125
0
.4228515625
.16552734375
0
.009521484375
.201416015625
.02099609375
.05908203125
0
.071533203125
.156005859375
.0419921875
.084716796875
.0283203125
.048828125
.101318359375
.139404296875
0
0
.305419921875
0
.02880859375
.100341796875
0
0
0
0
.021484375
.074951171875
.071533203125
.02490234375
.060302734375
0
.45703125
.09814453125
0
.0126953125
.2138671875
.05029296875
.013427734375
0
.059814453125
.038818359375
0
.01025390625
.0517578125
0
.08642578125
.177978515625
0
0
.2744140625
0
.03173828125
.1318359375
0
0
0
0
.031005859375
.06982421875
.039306640625
.028076171875
.0029296875
0
.471435546875
.01806640625
0
0
.23388671875
.020751953125
0
0
.062744140625
.03466796875
0
.005859375
.030029296875
0
.087890625
.189208984375
0
0
.193359375
0
.03515625
.13330078125
0
0
0
0
.039306640625
.099365234375
.039794921875
.03076171875
.00048828125
0
.474609375
.018798828125
0
.005126953125
.230224609375
.0234375
.02685546875
0
.06298828125
.04443359375
0
.024658203125
.042236328125
0
.0849609375
.177490234375
0
0
.19677734375
0
.030517578125
.14013671875
0
0
0
.10400390625
.005126953125
.2236328125
.205322265625
.06298828125
.08544921875
0
.383056640625
.160888671875
0
0
.191162109375
.0146484375
.204833984375
0
.112060546875
.07080078125
.2080078125
.208984375
.196533203125
.150634765625
.052001953125
.07421875
0
0
.140625
0
.035400390625
.04638671875
.02392578125
.13916015625
0
.025634765625
.15380859375
.03955078125
.143798828125
.016845703125
.2158203125
0
.378173828125
0
0
.133544921875
.312744140625
.052001953125
0
0
.054931640625
.1337890625
.0380859375
0
0
.095703125
.09619140625
.3642578125
0
0
.15380859375
0
0
.173095703125
.124267578125
.067138671875
0
.051513671875
.041748046875
.107177734375
.172119140625
0
.182861328125
0
.28173828125
0
0
.053466796875
.2080078125
.049072265625
0
0
0
.09033203125
.1279296875
.01025390625
0
.09912109375
.110107421875
.168212890625
0
0
.155517578125
0
0
0
.111328125
.035888671875
0
0
.04541015625
.02099609375
.15576171875
.0537109375
.21435546875
0
.2001953125
.033935546875
0
.05029296875
.22119140625
.079833984375
.091064453125
0
.05615234375
.077880859375
.1259765625
.051025390625
.08203125
.09912109375
.0517578125
.159912109375
.008056640625
0
.145263671875
0
.0078125
.03955078125
.1240234375
0
0
0
0
0
.10205078125
.0673828125
.09375
.03466796875
.106689453125
.17578125
.06396484375
0
0
.0302734375
.185302734375
.021240234375
.15234375
.0048828125
.008544921875
.151123046875
.225341796875
0
.0673828125
0
.071533203125
0
0
0
.053466796875
.124267578125
.052734375
.154296875
0
.034423828125
.01953125
.00732421875
0
.0478515625
0
0
.098876953125
.0234375
.056640625
.00439453125
.01806640625
.0244140625
.026123046875
.074462890625
.19091796875
.015869140625
0
0
.083984375
.032470703125
.112548828125
.084228515625
.1025390625
0
0
0
0
.22802734375
.06982421875
.168701171875
0
0
.051025390625
0
0
0
.00634765625
0
.093994140625
0
0
.090576171875
.066650390625
0
0
.06884765625
.1796875
.04638671875
0
0
0
.02783203125
.144287109375
.099365234375
.091552734375
0
0
0
0
.2451171875
.071533203125
.1494140625
0
.07958984375
.02685546875
.04443359375
.007568359375
.052001953125
0
0
.138427734375
0
0
.09326171875
.10498046875
.03857421875
0
.034423828125
.138916015625
.012451171875
0
0
.031494140625
.06982421875
.126953125
.12158203125
.069091796875
0
.026123046875
0
.030029296875
.20361328125
.030517578125
.074462890625
0
.088134765625
.06884765625
.072265625
.14013671875
0
.050537109375
0
.1669921875
.069580078125
0
.13818359375
.141845703125
.011474609375
.07421875
0
0
.052734375
.084228515625
.076904296875
.0283203125
.05029296875
.07470703125
.132080078125
.003173828125
0
.200439453125
0
.004150390625
.030029296875
.011474609375
0
0
0
0
.0283203125
.13330078125
.00732421875
.056884765625
0
.33203125
.144287109375
0
0
.166259765625
.0556640625
.090576171875
0
.067626953125
.0107421875
.017578125
.128173828125
.114990234375
0
.08154296875
.126708984375
0
0
.209228515625
0
.053466796875
.09033203125
.007568359375
.19677734375
0
0
.060546875
.072509765625
.021240234375
.0048828125
.032958984375
0
.36279296875
0
0
.03759765625
.2744140625
.167724609375
0
.003173828125
.075927734375
.027587890625
0
0
0
.12060546875
.090087890625
.30126953125
0
0
.15478515625
0
.0361328125
.13623046875
0
0
0
0
0
0
0
0
0
0
0
0
0
0
0
0
0
0
0
0
0
0
0
0
0
0
0
0
0
0
0
0
0
0
0
0
0
0
0
0
0
0
0
0
0
0
0
0
0
0
0
0
0
0
0
0
0
0
0
0
0
0
0
0
.023193359375
.304931640625
0
.027099609375
.055419921875
.082763671875
.1162109375
.0859375
.0634765625
.130859375
.245361328125
.372802734375
.099365234375
.064208984375
.177734375
.2314453125
0
.07568359375
.139892578125
.00732421875
.07421875
.092041015625
.47998046875
.111328125
.187255859375
.26708984375
.040283203125
0
.15673828125
0
.310546875
.201171875
.235107421875
.11865234375
0
.09033203125
.174072265625
.11962890625
.277587890625
.08203125
.16650390625
.063720703125
.1728515625
.174072265625
0
.260986328125
.24267578125
.072265625
.177001953125
0
.1640625
.176025390625
.1748046875
.16845703125
.345458984375
.010498046875
.156982421875
.15966796875
.00927734375
0
.275634765625
0
.128662109375
.240966796875
.025146484375
0
0
.051513671875
0
.060302734375
.156982421875
.042724609375
.0068359375
0
.437744140625
.15087890625
0
.025634765625
.223876953125
.093017578125
.013916015625
0
.109619140625
.014892578125
0
.049072265625
.1953125
0
.155029296875
.164306640625
0
0
.300537109375
0
.13623046875
.19873046875
.012451171875
0
0
0
.028564453125
.06591796875
.053466796875
.010009765625
.0146484375
0
.4697265625
.02783203125
0
0
.228271484375
.016357421875
.00537109375
0
.0830078125
.041748046875
0
.01513671875
.059814453125
0
.093505859375
.1708984375
0
0
.20654296875
0
.035400390625
.136962890625
.05029296875
0
0
.006103515625
.02490234375
.072021484375
.04248046875
.0126953125
.0302734375
0
.469482421875
.050048828125
0
.026123046875
.211669921875
.081787109375
.002197265625
0
.10693359375
.011474609375
0
.026123046875
.07177734375
0
.1279296875
.1708984375
0
0
.188232421875
0
.035888671875
.1513671875
.137451171875
.026611328125
0
.000244140625
.0361328125
.10302734375
.103759765625
0
.11181640625
0
.393798828125
.10302734375
0
.009033203125
.21142578125
.03515625
.068603515625
0
.108642578125
.061279296875
.06787109375
.084228515625
.084228515625
.039794921875
.14404296875
.139892578125
0
0
.13232421875
0
.00341796875
.085693359375
.109375
.107177734375
0
0
.02685546875
0
.0810546875
.060546875
.135986328125
0
.26025390625
.110595703125
.02294921875
0
.153076171875
.0791015625
.069091796875
.002197265625
.17333984375
.01171875
0
.0390625
.205810546875
0
.130126953125
.11767578125
.05078125
0
.022216796875
0
.026123046875
.216796875
.119384765625
.206787109375
0
.01953125
.091796875
.011962890625
0
.0048828125
0
0
.21875
0
0
.092041015625
.128173828125
.03369140625
.057861328125
.027587890625
.159912109375
.078369140625
0
0
.025146484375
.024658203125
.142578125
.186279296875
.055908203125
0
0
0
0
.215576171875
.05908203125
.0712890625
0
.05224609375
.01953125
.0439453125
0
.007568359375
0
0
.091064453125
.02099609375
0
.064208984375
.0458984375
.03369140625
.05029296875
.06884765625
.154541015625
.00048828125
0
0
.091064453125
.028076171875
.107421875
.049072265625
.044189453125
0
0
0
.05126953125
.182861328125
.061279296875
0
0
.121337890625
.007568359375
.087890625
.075927734375
.012939453125
0
.054443359375
.0283203125
.2314453125
.045166015625
.0390625
0
0
.18408203125
.00341796875
.126708984375
.043212890625
.10791015625
.19970703125
.2275390625
.017333984375
.025390625
0
.06982421875
0
0
0
.03857421875
.08203125
0
.183349609375
0
.06005859375
.05859375
.069091796875
0
.03466796875
.035400390625
0
.153564453125
.1767578125
.0322265625
.0830078125
.129150390625
.046875
0
0
.08837890625
.025390625
.037841796875
0
.05322265625
.060546875
.07958984375
.208984375
.096923828125
0
0
0
0
.1572265625
0
.14111328125
0
.07177734375
.097900390625
.064453125
.01708984375
.049560546875
.0166015625
0
.13671875
0
0
.12158203125
.098876953125
0
.015869140625
0
.015380859375
.070556640625
.070556640625
0
.0068359375
.03955078125
.05224609375
.154296875
.055419921875
0
0
0
0
.10693359375
0
.159423828125
0
0
.093994140625
.003173828125
.002197265625
.023681640625
.0810546875
0
.067138671875
.002197265625
0
.039794921875
.130859375
.04296875
0
.016845703125
.012451171875
.032958984375
.03076171875
0
0
.0546875
.050048828125
.14892578125
.0517578125
0
0
0
0
.05908203125
.02099609375
.128662109375
0
.07568359375
.101806640625
.068359375
.032470703125
.036376953125
.03271484375
0
.0556640625
0
0
.11572265625
.127197265625
.024169921875
.056884765625
.03857421875
.033935546875
.04833984375
.067626953125
0
0
.01220703125
.074462890625
.144775390625
.02001953125
0
.091552734375
0
.005126953125
.078857421875
.025390625
0
0
.09423828125
.00732421875
.062255859375
.13720703125
0
.03271484375
0
.209716796875
.1875
0
.048828125
.08251953125
.040771484375
.1318359375
0
.026123046875
.067626953125
.09375
.14208984375
.14501953125
0
.03076171875
0
0
0
.212890625
0
.072998046875
0
0
.2177734375
0
0
.065673828125
.069091796875
.058349609375
.01904296875
.04052734375
0
.32275390625
.093994140625
0
.017578125
.28466796875
.170166015625
0
0
.052734375
.002685546875
0
0
.06982421875
.1201171875
.08154296875
.318115234375
0
0
.209228515625
0
.056640625
.0849609375
0
0
0
0
0
0
0
0
0
0
0
0
0
0
0
0
0
0
0
0
0
0
0
0
0
0
0
0
0
0
0
0
0
0
0
0
0
0
0
0
0
0
0
0
0
0
0
0
0
0
0
0
0
0
0
0
0
0
0
0
0
0
0
0
.085693359375
.376220703125
0
0
.17236328125
0
.0380859375
.051513671875
.004150390625
.17724609375
.198974609375
.519775390625
.16552734375
.15966796875
.168701171875
.250732421875
0
.155517578125
.236572265625
.15234375
0
0
.5322265625
.104248046875
.204345703125
.294921875
.1181640625
0
0
0
.317626953125
.3701171875
.24365234375
.136962890625
0
.0166015625
.134033203125
0
0
.09033203125
0
.133056640625
.159912109375
.160400390625
.074462890625
.225830078125
.015380859375
.064697265625
.2265625
.059326171875
.32177734375
.1337890625
0
.134033203125
.369140625
.022705078125
.183349609375
.0302734375
.131591796875
0
0
0
.163818359375
.394775390625
.013671875
.123046875
0
.09228515625
.09765625
.067626953125
.0341796875
0
0
0
.424560546875
0
0
.171142578125
.278076171875
.03857421875
0
0
.18994140625
.107666015625
0
0
.073974609375
.04296875
.205810546875
.273681640625
.07568359375
0
.21044921875
0
.10546875
.395263671875
.148193359375
0
0
.01318359375
.01953125
.076904296875
.051025390625
0
.081298828125
0
.4267578125
.189208984375
0
0
.20068359375
.03076171875
.24658203125
0
.20556640625
.1357421875
0
.32373046875
.19677734375
0
.15185546875
.13720703125
0
0
.18701171875
0
.02099609375
.1923828125
.23193359375
.191650390625
0
0
0
0
.005859375
.08154296875
.083984375
.11328125
.47314453125
.39306640625
.087890625
.04345703125
.07080078125
.145263671875
.16748046875
.035888671875
.512939453125
0
0
.151611328125
.46435546875
0
.309326171875
.129638671875
.153076171875
0
0
0
.0751953125
.522216796875
.222412109375
.334228515625
0
.079345703125
.03173828125
.113037109375
.02001953125
.071533203125
0
0
.434326171875
0
.073486328125
.2685546875
.1201171875
.061279296875
.114013671875
.00244140625
.375732421875
.1474609375
0
.1025390625
.204833984375
.021484375
.251953125
.318359375
.167236328125
0
0
0
.042236328125
.581298828125
.02294921875
.209716796875
0
.004150390625
.0234375
0
0
.031982421875
0
0
.21533203125
.06298828125
.05712890625
.04052734375
.10302734375
.0361328125
.020263671875
0
.17626953125
.031494140625
0
0
.197998046875
.082275390625
.12451171875
.197265625
.096923828125
0
0
0
.059814453125
.207275390625
.02880859375
.213134765625
0
.02392578125
.098388671875
.04833984375
0
.05419921875
.04296875
0
.164794921875
0
0
.120849609375
.14013671875
.02734375
.00439453125
0
.06298828125
.07861328125
.035888671875
0
0
.041748046875
.09228515625
.222900390625
.064208984375
0
0
0
0
.14794921875
.01708984375
.1083984375
0
.04248046875
.0390625
.06396484375
.00146484375
.009521484375
.02197265625
0
.076416015625
0
0
.028076171875
.076416015625
.044189453125
0
.0263671875
.01513671875
.0458984375
.06201171875
0
0
.06103515625
.07763671875
.098876953125
.04052734375
0
0
0
0
.09716796875
.17138671875
.057373046875
0
.0263671875
.083251953125
.0546875
.121337890625
.076171875
.101318359375
.075439453125
.029541015625
.255126953125
.02294921875
.064208984375
.105224609375
0
.296630859375
0
.10498046875
.109130859375
.19189453125
.260498046875
.30029296875
.04638671875
.0439453125
.045166015625
.027587890625
0
.008544921875
0
.04443359375
.06640625
.053955078125
.15576171875
0
0
.005859375
0
.126220703125
.083251953125
.045166015625
.0791015625
.18310546875
.2197265625
.115478515625
0
.088134765625
.0966796875
.033935546875
.000244140625
.139892578125
0
.054443359375
.066162109375
.330810546875
0
.12548828125
.142578125
.0908203125
0
0
0
.11767578125
.22509765625
.03369140625
.202880859375
0
.059326171875
.0966796875
.079833984375
0
.049560546875
.025390625
0
.1826171875
0
0
.148681640625
.118408203125
.051513671875
0
.0185546875
.12353515625
.070556640625
.056396484375
0
0
.0234375
.112060546875
.19677734375
.089111328125
0
0
0
0
.218994140625
.053466796875
.086669921875
0
0
.03955078125
.019775390625
.0283203125
.022705078125
.027587890625
0
.08544921875
.010498046875
0
.039794921875
.066162109375
.0419921875
.041748046875
.033447265625
.084228515625
.055419921875
.037109375
.015869140625
.048828125
0
.075439453125
.0517578125
.042724609375
0
0
0
.0126953125
.150634765625
.028564453125
.13916015625
0
.030517578125
.05419921875
.056884765625
0
.028076171875
.008544921875
0
.07470703125
0
0
.097412109375
.09619140625
.0390625
0
.062255859375
.105712890625
.00341796875
0
0
0
.0146484375
.103515625
.12451171875
.046630859375
0
0
0
.01416015625
.161865234375
.037109375
.092529296875
0
.154296875
.0771484375
.126708984375
.1494140625
.019287109375
.004638671875
0
.08203125
.091796875
0
.172119140625
.11181640625
.010498046875
.148193359375
.008544921875
.00927734375
.056640625
.145751953125
.178466796875
.111083984375
.022216796875
.100341796875
.1455078125
.007568359375
0
.194580078125
0
.060302734375
.12841796875
0
.19580078125
0
0
.02001953125
.018798828125
.1884765625
0
.086669921875
0
.26904296875
.19677734375
0
0
.271240234375
.20361328125
.079345703125
0
.020751953125
0
.07080078125
.1494140625
.134765625
.126953125
.0615234375
.296630859375
0
0
.228271484375
0
.0693359375
.00537109375
0
0
0
0
0
0
0
0
0
0
0
0
0
0
0
0
0
0
0
0
0
0
0
0
0
0
0
0
0
0
0
0
0
0
0
0
0
0
0
0
0
0
0
0
0
0
0
0
0
0
0
0
0
0
0
0
0
0
0
0
0
0
0
0
.103515625
.3125
0
.0576171875
.27783203125
.009765625
.08349609375
.017333984375
.051025390625
.144775390625
.0576171875
.5244140625
.1904296875
.2744140625
.11962890625
.31201171875
.126708984375
.177490234375
.091064453125
.28173828125
.080078125
.0390625
.50537109375
.228759765625
.0654296875
.182373046875
.135986328125
0
0
0
.284423828125
.166748046875
.058349609375
.081787109375
0
0
0
0
.038818359375
.079345703125
.003662109375
.10595703125
.124755859375
.23193359375
.109619140625
0
0
.04052734375
.16552734375
0
.177978515625
0
.0595703125
.15185546875
.21923828125
.068359375
.14501953125
.044677734375
.14892578125
0
0
0
0
.27734375
.0341796875
.201416015625
0
.01171875
.14404296875
.05810546875
0
.009521484375
0
0
.40234375
0
0
.249267578125
.296630859375
.05615234375
0
0
.102783203125
.131103515625
0
0
0
.031982421875
.17138671875
.34326171875
.099365234375
0
.192138671875
0
0
.289306640625
0
0
0
.19384765625
.08544921875
.279541015625
.083984375
.107666015625
.02880859375
0
.429931640625
0
0
.1181640625
.215576171875
.0576171875
.251220703125
0
.11181640625
.126220703125
.23779296875
.19677734375
.119873046875
.031494140625
.097900390625
.196533203125
0
0
.10595703125
0
.0478515625
.19775390625
.040283203125
.029296875
0
.093994140625
0
.1396484375
.25830078125
.0908203125
.105224609375
.02734375
.12109375
.40478515625
.103515625
0
0
.064697265625
.28466796875
0
.017822265625
.134521484375
.380126953125
.348388671875
.29443359375
.111083984375
0
.02294921875
.12548828125
0
0
0
0
0
.064208984375
.312255859375
0
0
.137451171875
0
.0498046875
.00634765625
.08984375
0
.236328125
0
0
.17626953125
.1640625
0
.108642578125
0
.069091796875
.212890625
.037109375
.0791015625
0
.0673828125
.077392578125
.347900390625
.1572265625
0
0
0
0
.186279296875
.020751953125
.22119140625
0
0
.014404296875
.00341796875
0
.07080078125
.0341796875
.025390625
.25830078125
.196533203125
.043701171875
.098388671875
.0908203125
.075439453125
.04443359375
0
.155517578125
0
0
.0615234375
.1513671875
.0068359375
.122314453125
.240966796875
.117919921875
0
0
0
0
.259765625
.04296875
.274658203125
0
.07958984375
.127685546875
.0673828125
0
.019287109375
0
0
.2490234375
0
.0009765625
.22509765625
.142578125
.00927734375
0
.012939453125
.103759765625
.095703125
0
0
0
.010986328125
.13525390625
.27001953125
.0966796875
0
0
0
0
.306396484375
.06396484375
.20556640625
0
.041015625
.06982421875
.05859375
0
.056884765625
.01416015625
0
.137451171875
0
0
.0791015625
.10791015625
.089111328125
0
.1005859375
.12255859375
.0400390625
.00390625
0
.00537109375
.067626953125
.12451171875
.191650390625
.052978515625
0
0
0
.0009765625
.195068359375
.2373046875
.043701171875
0
0
.16162109375
0
.014404296875
.132080078125
.076904296875
.21630859375
.025634765625
.411376953125
.14892578125
.158935546875
.0810546875
.0009765625
.36376953125
0
.275390625
.2236328125
.00732421875
.31884765625
.59765625
0
.064453125
0
.09033203125
0
0
0
.182861328125
.24267578125
.01416015625
.255615234375
0
.05322265625
.1064453125
.0107421875
0
.080810546875
0
.107421875
.195068359375
.180908203125
.146728515625
.14990234375
.123779296875
.1240234375
0
.0751953125
.228271484375
.09521484375
.00732421875
0
.349853515625
.133056640625
.133056640625
.23388671875
.1435546875
0
0
0
.153076171875
.302734375
.01025390625
.24462890625
0
.0107421875
.174072265625
0
0
0
.097900390625
0
.164306640625
0
0
.151611328125
.1806640625
.03271484375
0
0
.046875
.1298828125
.013671875
0
0
.1123046875
.095703125
.2294921875
.09912109375
0
0
0
0
.14208984375
.0185546875
.066650390625
0
.011962890625
.0654296875
.0263671875
.006103515625
.02734375
.02490234375
0
.05224609375
.06396484375
0
.042724609375
.04150390625
.017822265625
.0546875
.00390625
.083251953125
.0654296875
.056640625
.0283203125
.04833984375
.006103515625
.0634765625
.038330078125
.046142578125
0
0
0
.001953125
.093017578125
.017333984375
.148193359375
0
0
.0517578125
.014404296875
0
.007080078125
.005615234375
0
.0732421875
.001953125
0
.034912109375
.084716796875
.0302734375
0
.057861328125
.09814453125
.02783203125
0
0
0
.00830078125
.092529296875
.099609375
.053466796875
0
0
0
0
.144287109375
.087646484375
.14990234375
0
.071044921875
.068603515625
.0751953125
0
.017822265625
.003662109375
0
.07666015625
0
0
.175537109375
.103759765625
.02978515625
.08154296875
.064208984375
.13671875
.049560546875
.0400390625
0
.0166015625
0
.09912109375
.1533203125
.044677734375
0
.032958984375
0
.034423828125
.217529296875
.025634765625
.146728515625
0
.114013671875
.004150390625
.10302734375
.11572265625
.028076171875
.061279296875
0
.149169921875
.028564453125
0
.099853515625
.2041015625
.153564453125
.0947265625
.07470703125
.03369140625
0
.113525390625
.0634765625
.11865234375
.137451171875
.09130859375
.161376953125
.00634765625
0
.150146484375
0
.084716796875
.13623046875
0
0
0
0
0
0
0
0
0
0
0
0
0
0
0
0
0
0
0
0
0
0
0
0
0
0
0
0
0
0
0
0
0
0
0
0
0
0
0
0
0
0
0
0
0
0
0
0
0
0
0
0
0
0
0
0
0
0
0
0
0
0
0
0
.18798828125
.2978515625
0
.0048828125
.318115234375
0
.064453125
.0390625
.11279296875
.14599609375
.05224609375
.548095703125
.183837890625
.34375
.15087890625
.316162109375
.20263671875
.191162109375
.1005859375
.31396484375
.071533203125
.105712890625
.4638671875
.26123046875
.08056640625
.202392578125
.139892578125
0
0
0
.2763671875
.255126953125
.06640625
.2119140625
0
.08154296875
0
.00732421875
.04443359375
.077392578125
0
.14697265625
.13037109375
.253173828125
.166748046875
0
.023681640625
.090087890625
.184326171875
.025390625
.133544921875
0
.073486328125
.155517578125
.354736328125
.174560546875
.15234375
.154052734375
.1611328125
0
0
0
.048583984375
.112548828125
.041259765625
.278564453125
0
.109130859375
.20458984375
.033935546875
.1728515625
0
.0751953125
0
.3095703125
0
0
.277099609375
.310302734375
0
.039794921875
0
.025634765625
.1689453125
.06494140625
.052978515625
0
.071044921875
.1220703125
.37939453125
.087890625
0
.2578125
0
0
.12353515625
0
.05712890625
0
0
.07958984375
.113525390625
.0888671875
.0498046875
.0302734375
0
.41357421875
.06640625
0
.044189453125
.229736328125
.08203125
0
0
.105712890625
.0205078125
0
.0029296875
.046875
.0205078125
.072021484375
.248779296875
0
0
.2529296875
0
.039794921875
.149658203125
.11474609375
0
0
.09765625
.17041015625
.160888671875
.1572265625
.046875
.041015625
0
.2294921875
.285400390625
.051513671875
.090087890625
.04296875
.037109375
.337646484375
0
0
.206298828125
.224609375
.2470703125
.21337890625
.115234375
.013916015625
.01171875
.02685546875
0
0
0
.033447265625
.008056640625
.103271484375
.122802734375
0
0
.03466796875
0
.073974609375
.137939453125
.170654296875
.056640625
.176513671875
.13427734375
.071533203125
.0400390625
.182861328125
.0322265625
.13720703125
0
.142822265625
.06982421875
.09228515625
.132568359375
.255615234375
.01806640625
.054931640625
.176025390625
.08984375
0
0
0
.00927734375
.15234375
.08154296875
.18896484375
0
.110595703125
0
.015625
.059326171875
.07080078125
0
.075927734375
.248779296875
.203125
.126708984375
0
.01904296875
.086181640625
.131103515625
0
.1904296875
0
.04150390625
.151123046875
.2822265625
.116943359375
.133544921875
.13134765625
.135986328125
0
0
0
.0048828125
.244384765625
.0419921875
.341552734375
0
.030517578125
.14794921875
.017822265625
0
.005126953125
.053955078125
0
.270751953125
0
.0078125
.25537109375
.191650390625
0
0
.003662109375
.147216796875
.125
0
0
0
.018798828125
.1708984375
.3388671875
.119140625
0
0
0
0
.36376953125
.010009765625
.241455078125
0
.0517578125
.053955078125
.042724609375
0
.014404296875
0
0
.146484375
0
.0263671875
.044677734375
.13037109375
.06298828125
0
.07373046875
.14111328125
.009765625
.00048828125
0
.0166015625
.0693359375
.124755859375
.207275390625
.08447265625
0
0
0
0
.2138671875
.216552734375
.005859375
0
.034912109375
.171142578125
.011474609375
.047607421875
.05810546875
.027587890625
.166015625
.0166015625
.390625
.17041015625
.226318359375
0
.01611328125
.3837890625
.002685546875
.18310546875
.2294921875
.080078125
.255615234375
.52587890625
.025390625
.044189453125
0
.103271484375
0
0
0
.16748046875
.271728515625
.001708984375
.290771484375
0
.002197265625
.13671875
0
.00439453125
0
.06982421875
0
.159912109375
.058837890625
.091552734375
.162353515625
.18505859375
.060791015625
0
.00439453125
.0234375
.096923828125
.034912109375
0
.04052734375
.14892578125
.101806640625
.29443359375
.1376953125
0
0
0
0
.115478515625
.04345703125
.24755859375
0
.021240234375
.142578125
.036865234375
0
.046875
.080078125
0
.129150390625
0
0
.12548828125
.180908203125
.026123046875
0
.00537109375
.035888671875
.089599609375
.009033203125
0
0
.062255859375
.09130859375
.240234375
.07763671875
0
0
0
0
.1298828125
.0576171875
.111328125
0
.022705078125
.02783203125
.035400390625
.012451171875
.031005859375
.04052734375
0
.06787109375
.00830078125
.00244140625
.040283203125
.05712890625
.021728515625
.039794921875
.020751953125
.03125
.02197265625
.068115234375
.018798828125
.04833984375
.03173828125
.08984375
.048828125
.048095703125
0
0
0
0
.1083984375
.0595703125
.075927734375
0
0
.017822265625
.001220703125
.019287109375
.05517578125
.0546875
.008544921875
.049560546875
.0625
.031494140625
0
.0517578125
.029541015625
.051025390625
.025146484375
.11279296875
0
.01904296875
.054931640625
.112060546875
.01220703125
.064208984375
.02978515625
.06591796875
0
0
0
.005859375
.1181640625
.048583984375
.12890625
0
.03515625
.06005859375
.029052734375
0
.034423828125
0
0
.103759765625
0
.005615234375
.106201171875
.07373046875
.034912109375
.015380859375
.06494140625
.14599609375
.038330078125
0
0
.02197265625
.008544921875
.08447265625
.12060546875
.072265625
0
0
0
.0078125
.225830078125
.008544921875
.17822265625
0
.056884765625
.07763671875
.091796875
0
.025390625
0
0
.184814453125
0
0
.083740234375
.216796875
.1357421875
0
.08447265625
.140380859375
.029541015625
0
0
.00830078125
.07421875
.111328125
.265625
.015869140625
0
.027099609375
0
.0751953125
.225341796875
0
0
0
0
0
0
0
0
0
0
0
0
0
0
0
0
0
0
0
0
0
0
0
0
0
0
0
0
0
0
0
0
0
0
0
0
0
0
0
0
0
0
0
0
0
0
0
0
0
0
0
0
0
0
0
0
0
0
0
0
0
0
0
0
.171630859375
.24462890625
0
.03076171875
.263916015625
0
.063232421875
.06982421875
.025146484375
.209228515625
.087646484375
.638671875
.217529296875
.3525390625
.0546875
.288330078125
.209716796875
.183349609375
.16357421875
.2548828125
.01513671875
.07275390625
.5830078125
.206787109375
.079833984375
.16015625
.172119140625
0
0
0
.2978515625
.268310546875
.011474609375
.295166015625
0
0
0
0
.00048828125
.0244140625
.010498046875
.110595703125
.125
.200927734375
.165283203125
0
.08544921875
.06787109375
.10595703125
.0283203125
.142333984375
0
.052490234375
.087890625
.29443359375
.1171875
.147705078125
.182373046875
.16845703125
0
0
0
.041748046875
.189453125
.1513671875
.381103515625
0
.093017578125
.22314453125
.033447265625
.11767578125
.06201171875
.0517578125
0
.1806640625
0
0
.36865234375
.24951171875
.07275390625
.129150390625
0
.083251953125
.180908203125
.030517578125
.072998046875
0
0
.1630859375
.413818359375
.139404296875
0
.12548828125
0
0
.260498046875
.048095703125
.11328125
0
0
0
.00537109375
.13427734375
0
.035888671875
.020751953125
.37841796875
.117431640625
0
.011474609375
.222900390625
.1083984375
.0087890625
0
.150390625
0
0
.02490234375
.18701171875
.016357421875
.15576171875
.209228515625
.037841796875
0
.23974609375
0
.0654296875
.185546875
.152587890625
.06103515625
0
.066650390625
.14306640625
.123046875
.082763671875
.063720703125
.07568359375
0
.2646484375
.17431640625
.0478515625
.1708984375
.120849609375
.04736328125
.168701171875
0
.101806640625
.14892578125
.0849609375
.18505859375
.197998046875
.01513671875
.086181640625
.157958984375
.01611328125
0
0
0
.02978515625
.136474609375
.17822265625
0
0
.00244140625
0
0
.045654296875
.086181640625
.04150390625
.129638671875
.17431640625
.292724609375
.168701171875
0
0
.0654296875
.280029296875
0
.265869140625
.032958984375
.03662109375
.276123046875
.38818359375
.0615234375
.140380859375
0
.1513671875
0
0
0
.052978515625
.259765625
0
.296630859375
0
.1689453125
.198486328125
.128173828125
.095703125
.058349609375
.094970703125
0
.2587890625
0
.16015625
.15283203125
.226806640625
.07861328125
0
0
0
.187744140625
.13671875
0
.055908203125
.232177734375
.15478515625
.318359375
.17431640625
0
0
0
0
.219482421875
0
.18359375
0
0
.10205078125
.00341796875
.078369140625
.013427734375
.10498046875
0
.106689453125
0
0
.037841796875
.138671875
0
0
0
.008544921875
.09375
.10302734375
0
0
.0498046875
.01708984375
.21142578125
.1015625
0
0
0
0
.01171875
0
.205078125
0
0
.080322265625
0
.02880859375
.039794921875
.08740234375
0
.11669921875
0
0
.0458984375
.164306640625
.02783203125
0
0
.043701171875
.0498046875
.038330078125
0
0
.071533203125
.06640625
.199951171875
.0771484375
0
0
0
0
.107666015625
.127197265625
0
0
.05517578125
.09912109375
.085205078125
.06103515625
.107421875
.0029296875
.080810546875
.088134765625
.287841796875
.112548828125
.130859375
0
.01220703125
.310546875
0
.05908203125
.139892578125
.130126953125
.19580078125
.322021484375
.041259765625
.017822265625
0
.090087890625
0
0
0
.085205078125
.148681640625
0
.242919921875
0
0
.1181640625
0
.00244140625
.037841796875
.069091796875
0
.13818359375
.056396484375
.031494140625
.112548828125
.13720703125
.025390625
0
0
.005615234375
.048828125
.01708984375
0
0
.085205078125
.06396484375
.243896484375
.110107421875
0
0
0
0
.091064453125
.0126953125
.20947265625
0
.031982421875
.09716796875
.063720703125
.016357421875
.0439453125
.0712890625
0
.137939453125
0
.000244140625
.087158203125
.146728515625
.035400390625
0
0
.03759765625
.07177734375
.0576171875
0
0
.0498046875
.093505859375
.18994140625
.09033203125
0
0
0
0
.127197265625
.0322265625
.097900390625
0
.0380859375
.083984375
.04541015625
.0283203125
.04638671875
.02685546875
0
.044677734375
.06884765625
0
.064453125
.0595703125
0
.0556640625
.011962890625
.1142578125
.08349609375
.06982421875
.057861328125
.07275390625
.012451171875
.044677734375
.05810546875
.05224609375
0
0
0
0
.108154296875
.018310546875
.044189453125
0
.026611328125
0
.027587890625
0
.014892578125
0
0
.068115234375
.05029296875
.0166015625
0
.032470703125
.008544921875
.07421875
.033447265625
.1162109375
.0166015625
.0458984375
.02392578125
.10107421875
.0634765625
.052978515625
.044189453125
.0732421875
0
0
0
.0166015625
.151123046875
0
.10205078125
0
0
.108154296875
.0380859375
0
.056884765625
.05322265625
0
.183837890625
0
0
.0947265625
.18896484375
.027099609375
.0234375
.00146484375
.066650390625
.09375
.016845703125
.0244140625
0
.069580078125
.06884765625
.17041015625
.064453125
0
.0751953125
0
0
.169677734375
0
.19482421875
0
0
.048583984375
.081787109375
0
.11181640625
0
0
.287109375
.015869140625
0
.029052734375
.256591796875
.16796875
.0234375
.0576171875
.10986328125
.02783203125
0
.009521484375
.084228515625
.114013671875
.0908203125
.281982421875
0
0
.107421875
0
.078857421875
.181396484375
0
0
0
0
0
0
0
0
0
0
0
0
0
0
0
0
0
0
0
0
0
0
0
0
0
0
0
0
0
0
0
0
0
0
0
0
0
0
0
0
0
0
0
0
0
0
0
0
0
0
0
0
0
0
0
0
0
0
0
0
0
0
0
0
.10888671875
.3037109375
0
.02685546875
.135986328125
0
.068359375
.04150390625
0
.2548828125
.099609375
.736083984375
.264892578125
.243408203125
.01611328125
.2587890625
.06884765625
.17041015625
.17431640625
.133544921875
.005126953125
.052001953125
.6865234375
.142333984375
.1005859375
.170654296875
.198486328125
0
0
0
.310791015625
.236083984375
.0380859375
.21484375
0
.019775390625
0
0
0
0
0
.0732421875
.086669921875
.071044921875
.140869140625
0
0
.01025390625
.06396484375
.00634765625
.13623046875
0
.044189453125
.0439453125
.148681640625
.01904296875
.079833984375
.031982421875
.1982421875
0
0
0
0
.16064453125
.08056640625
.414306640625
0
.149658203125
.24169921875
.0751953125
0
.055908203125
.014404296875
0
.15966796875
0
.02099609375
.39208984375
.140625
.0947265625
.09130859375
.04296875
.11328125
.2099609375
.03759765625
0
0
.085693359375
.161865234375
.35546875
.177001953125
0
0
0
0
.2421875
.062255859375
.066162109375
0
.046630859375
0
0
.043212890625
.0146484375
.019287109375
.061279296875
.18896484375
.166259765625
.055419921875
0
.0673828125
.072265625
.1416015625
.012451171875
.1650390625
.07666015625
.05859375
.1708984375
.147216796875
0
.112060546875
.0849609375
.094482421875
0
.018310546875
0
.012939453125
.16943359375
.080322265625
.206787109375
0
.128662109375
.0810546875
.12890625
.048583984375
.06884765625
.003173828125
0
.2822265625
0
.02294921875
.255126953125
.160888671875
.08984375
.151123046875
0
.187255859375
.12255859375
.109619140625
.146484375
.049560546875
.037841796875
.175048828125
.22021484375
.078125
0
0
0
0
.28955078125
0
.03076171875
0
.153564453125
.04150390625
.14013671875
.176513671875
.093994140625
.20751953125
0
.13427734375
.17529296875
.052001953125
0
.152587890625
.02001953125
.1416015625
0
0
.1240234375
.3310546875
.09423828125
.213623046875
.27099609375
.05615234375
.046875
.073974609375
0
0
0
0
0
.039794921875
.147705078125
0
0
.194580078125
.01123046875
.1875
.091064453125
.234619140625
0
.153564453125
.086181640625
0
.1123046875
.23046875
.072998046875
0
0
0
.09423828125
.16748046875
0
0
.106201171875
.06640625
.287841796875
.054931640625
0
0
0
0
.00830078125
.11279296875
.086669921875
0
.011962890625
.092041015625
.04443359375
.047119140625
.07861328125
.116455078125
0
.13720703125
.022216796875
.05078125
.0390625
.140380859375
.107666015625
.068603515625
.0263671875
.0771484375
.089599609375
.094482421875
.06005859375
.062744140625
.007568359375
.090576171875
.110107421875
.05859375
0
0
0
.00927734375
.119140625
.064697265625
.1484375
0
.057861328125
.07177734375
.032958984375
.036376953125
.005615234375
.070068359375
.026611328125
.107177734375
.099853515625
.0009765625
.06982421875
.086181640625
.0166015625
.095947265625
.009765625
.150146484375
.072265625
.03955078125
.10400390625
.115478515625
.0009765625
.094482421875
.07958984375
.05859375
0
0
0
0
.1240234375
.0703125
.11474609375
0
.16845703125
0
.14453125
.064208984375
.1240234375
.13720703125
0
.254638671875
.045166015625
0
.11572265625
.2119140625
.077392578125
.1064453125
0
.044921875
0
.157958984375
.0029296875
.14013671875
.152099609375
.1806640625
.1328125
.05859375
0
.04638671875
0
.049072265625
.13818359375
.11474609375
.01611328125
0
.094970703125
.091796875
.16162109375
.218994140625
.095947265625
.15234375
0
.17138671875
.160888671875
.03662109375
.047119140625
.12451171875
.0732421875
.089599609375
0
0
.169921875
.22509765625
.13623046875
.057373046875
.1015625
0
.0546875
.035888671875
0
0
0
0
0
0
.20361328125
0
.02392578125
.171142578125
.036376953125
.027587890625
.02685546875
.166259765625
0
.115966796875
0
0
.094482421875
.216796875
.043212890625
0
0
.021484375
.11865234375
.090087890625
0
0
.1337890625
.05517578125
.223876953125
.07763671875
0
0
0
0
.096923828125
.018310546875
.06591796875
0
.01953125
.103271484375
.067138671875
.059814453125
.0546875
.127197265625
0
.020751953125
.058349609375
0
.05908203125
.11083984375
.0302734375
.0673828125
0
0
.09521484375
.12060546875
.053466796875
.046630859375
.04541015625
0
.076904296875
.02734375
0
0
0
0
0
.02734375
.001708984375
0
0
0
.03662109375
.057861328125
.109130859375
.07470703125
0
.14501953125
.103515625
0
.00390625
.089599609375
.0234375
.094482421875
0
.09033203125
.03662109375
.070068359375
.1171875
.112548828125
.039306640625
.02734375
.078125
.0302734375
0
.053466796875
0
.0556640625
.109130859375
.01806640625
.00634765625
0
.0234375
.03125
.06005859375
.046142578125
.11474609375
.060546875
0
.329833984375
.02197265625
0
.06591796875
.15087890625
.0322265625
.049072265625
0
.145263671875
.029541015625
.00537109375
.03076171875
.10595703125
0
.08056640625
.11669921875
0
0
.118408203125
0
.09326171875
.2314453125
0
.236328125
0
0
.0732421875
.07373046875
0
.041259765625
.033935546875
0
.36474609375
.00390625
0
.0009765625
.310546875
.172119140625
0
.03125
.113525390625
.023681640625
0
0
.08154296875
.14697265625
.1044921875
.3603515625
0
0
.111328125
0
.08740234375
.20068359375
0
0
0
0
0
0
0
0
0
0
0
0
0
0
0
0
0
0
0
0
0
0
0
0
0
0
0
0
0
0
0
0
0
0
0
0
0
0
0
0
0
0
0
0
0
0
0
0
0
0
0
0
0
0
0
0
0
0
0
0
0
0
0
0
.0009765625
.263916015625
0
0
.068115234375
0
.15673828125
.052001953125
.0478515625
.235595703125
.078857421875
.74365234375
.255859375
.06396484375
.019287109375
.19140625
.058837890625
.121826171875
.11279296875
.046142578125
.098876953125
.242431640625
.67724609375
.156005859375
.05419921875
.150146484375
.186767578125
0
0
0
.293212890625
.135498046875
.01416015625
.205810546875
0
.001953125
.01025390625
0
0
.023193359375
0
.030517578125
.072021484375
.010986328125
.11865234375
.013671875
0
0
.029541015625
0
.036865234375
.0283203125
.0439453125
0
.020751953125
.02392578125
.06982421875
.0732421875
.193603515625
0
0
0
0
.145751953125
0
.3740234375
0
.01611328125
.1796875
0
0
.04833984375
.002685546875
0
.114501953125
0
.069580078125
.2939453125
.1494140625
.043701171875
0
.028076171875
.10546875
.06005859375
0
0
0
.045654296875
.122314453125
.341796875
.179443359375
0
0
0
0
.222412109375
.1357421875
.17919921875
0
.12060546875
.14404296875
.042236328125
.0673828125
.0078125
.05224609375
.07275390625
.027587890625
.1953125
.123779296875
.217529296875
.036376953125
.00732421875
.178466796875
.009521484375
.061279296875
.16796875
.103271484375
.106689453125
.216552734375
.023681640625
.10009765625
.072509765625
.11962890625
0
0
0
.00439453125
.19091796875
.087158203125
.21923828125
0
.065673828125
.05322265625
.012939453125
.046630859375
.077880859375
.047119140625
.01904296875
.150634765625
.00439453125
.079345703125
.1630859375
.087158203125
.092529296875
0
.008544921875
.123046875
.064208984375
.03173828125
0
.05615234375
0
.143798828125
.148193359375
.13720703125
0
0
0
0
.226806640625
.1162109375
.222900390625
0
.118896484375
.146728515625
.1435546875
.095703125
0
.042236328125
0
.199951171875
0
.013427734375
.20751953125
.144287109375
.0791015625
.183349609375
.014404296875
.05224609375
.181396484375
.08447265625
.171142578125
0
.123046875
.124755859375
.232666015625
.0771484375
0
0
0
0
.134521484375
.14111328125
.086181640625
0
0
.029296875
0
.062255859375
.080810546875
.118408203125
.015625
.125244140625
.176513671875
.017822265625
0
.064208984375
.082763671875
.152587890625
0
.141845703125
.075439453125
.037353515625
.135009765625
.146240234375
.064697265625
.07958984375
.044189453125
.056396484375
0
0
0
.053466796875
.18505859375
.110595703125
.22802734375
0
0
0
0
0
.108154296875
0
.115478515625
.185546875
.18310546875
.12841796875
0
0
.120361328125
.147216796875
.0986328125
.2470703125
0
0
.116455078125
.34130859375
.052734375
.17626953125
.068115234375
.143798828125
0
0
0
.049560546875
.316162109375
.044921875
.342529296875
0
.21630859375
.147705078125
.150634765625
.040283203125
.0205078125
0
0
.17626953125
.00732421875
.013671875
.27490234375
.14794921875
.013671875
.159423828125
.065673828125
.111572265625
.095703125
.123779296875
.14453125
.076904296875
.028076171875
.177490234375
.31787109375
.116455078125
0
0
0
0
.335693359375
.032470703125
.150634765625
0
.05810546875
.0673828125
0
.11083984375
0
.00048828125
.004150390625
.180419921875
.14208984375
0
.04931640625
.120361328125
.04345703125
0
0
.229248046875
.04833984375
.0693359375
.042724609375
.084716796875
.0537109375
.092041015625
.144287109375
.05712890625
0
.021484375
0
.027587890625
.247314453125
.029541015625
.158203125
0
.153564453125
.123046875
.1474609375
.007568359375
.066162109375
.140625
0
.17529296875
0
0
.161376953125
.198974609375
.030517578125
.034423828125
.02294921875
.094970703125
.095947265625
.14599609375
0
.038330078125
.231201171875
.107177734375
.189453125
.05712890625
0
0
0
0
.202880859375
.024658203125
.13671875
0
.00048828125
.122802734375
.02490234375
.10009765625
.049072265625
.151611328125
0
.062255859375
.025390625
0
.091552734375
.2060546875
.043212890625
.00927734375
.0068359375
0
.093017578125
.1103515625
.036376953125
0
.06884765625
.024658203125
.158935546875
.007568359375
0
.00390625
0
0
0
.103759765625
.021484375
0
0
.05126953125
.01123046875
.005615234375
.097412109375
.100341796875
.040771484375
.08349609375
.142578125
0
.01904296875
.0498046875
.06982421875
.13623046875
.01953125
.158447265625
.063720703125
.01953125
.093017578125
.1865234375
0
.0712890625
0
.03955078125
0
.008056640625
0
.0751953125
.12646484375
.0693359375
0
0
.00732421875
0
.07421875
.002197265625
.10986328125
0
.016845703125
.27197265625
.095703125
0
.08740234375
.037109375
.03515625
.135986328125
0
.176025390625
.01220703125
.006103515625
.10693359375
.20458984375
0
.1005859375
0
.03857421875
0
.151123046875
0
.14794921875
.255615234375
0
0
0
.005859375
.0458984375
.086181640625
.04736328125
.083251953125
.020263671875
0
.370849609375
0
0
.0302734375
.1962890625
.0263671875
.0068359375
0
.115234375
.02734375
0
0
.083251953125
0
.10888671875
.139404296875
0
0
.138916015625
0
.09912109375
.246337890625
0
.250732421875
0
0
.0810546875
.07373046875
.06005859375
.01904296875
.061279296875
0
.38037109375
0
0
.018798828125
.31494140625
.192626953125
0
0
.046142578125
.018798828125
0
0
0
.164794921875
.10498046875
.34912109375
0
0
.140869140625
0
.02197265625
.135986328125
0
0
0
0
0
0
0
0
0
0
0
0
0
0
0
0
0
0
0
0
0
0
0
0
0
0
0
0
0
0
0
0
0
0
0
0
0
0
0
0
0
0
0
0
0
0
0
0
0
0
0
0
0
0
0
0
0
0
0
0
0
0
0
0
.0498046875
.07275390625
0
0
0
0
.202880859375
.0556640625
.0439453125
.20703125
.05908203125
.69287109375
.208984375
0
0
.115478515625
.341552734375
.02001953125
.043701171875
0
.16796875
.406005859375
.647705078125
.083984375
.054931640625
0
.184814453125
0
0
0
.215576171875
0
.024658203125
.24853515625
0
0
.015869140625
0
.0009765625
.0029296875
.00341796875
.010986328125
.1064453125
0
.101806640625
.082763671875
.022705078125
0
.0107421875
0
.050537109375
.03173828125
.044189453125
.00439453125
.0166015625
.015380859375
.107421875
.124755859375
.198974609375
0
0
0
0
.15673828125
0
.364013671875
0
0
.1103515625
0
0
.0029296875
.074951171875
0
.11962890625
0
.078125
.10546875
.185791015625
.039306640625
0
.017578125
.015380859375
.03515625
.0205078125
0
0
.082763671875
.122314453125
.303466796875
.162109375
0
0
0
0
.12451171875
.265625
.184326171875
0
0
.1904296875
0
0
.180908203125
.13037109375
.28125
.008544921875
.386962890625
.266845703125
.171630859375
.051513671875
.00146484375
.310791015625
.04931640625
.33740234375
.230712890625
.0302734375
.25830078125
.60693359375
0
.070068359375
.068359375
.175048828125
0
0
0
.09765625
.265869140625
.183837890625
.480224609375
0
.17822265625
.031494140625
.18505859375
0
.130615234375
0
.208251953125
.2578125
.1845703125
.2197265625
.301025390625
.09814453125
.1396484375
0
.17626953125
.5390625
0
.05322265625
0
.313232421875
.0078125
.310791015625
.287353515625
.2509765625
0
0
0
.052978515625
.76513671875
.279296875
.442138671875
0
.127197265625
.072021484375
.01220703125
.063720703125
.177001953125
.079833984375
.044921875
.212890625
0
.125732421875
.323974609375
.145751953125
.03662109375
.135986328125
.244873046875
.434326171875
.041748046875
.018798828125
.01611328125
.15869140625
0
.245849609375
.24267578125
.215576171875
0
0
0
0
.719482421875
.228271484375
.112060546875
0
.043212890625
0
0
.02978515625
.155029296875
0
.16064453125
.12353515625
.10791015625
.1845703125
.02197265625
0
.024658203125
.184326171875
.112060546875
.278076171875
.00732421875
0
.11083984375
.376708984375
.091064453125
.1845703125
0
.198974609375
0
0
0
.07177734375
.325439453125
.095703125
.275390625
0
.01806640625
0
0
0
.03271484375
0
.124267578125
.16357421875
.1025390625
.19189453125
0
.002197265625
.0224609375
.086181640625
.075927734375
.2275390625
.03466796875
.006591796875
.024169921875
.319580078125
.188720703125
.16845703125
.070068359375
.19482421875
0
0
0
.057373046875
.312744140625
.1142578125
.38818359375
0
.060302734375
.1455078125
.06103515625
0
.023681640625
.0029296875
0
.1728515625
0
.021728515625
.310791015625
.11767578125
.034912109375
0
.0361328125
.205078125
.125
0
0
0
.087646484375
.197509765625
.300537109375
.1640625
0
0
0
0
.33642578125
.09375
.21240234375
0
.1787109375
.04638671875
.15625
.190673828125
0
.13037109375
0
.124755859375
0
.024658203125
.12109375
.130615234375
.044677734375
0
.051513671875
.04833984375
.02880859375
.236083984375
0
0
.095458984375
.117431640625
.133056640625
.102294921875
0
0
0
.00048828125
.10693359375
.15087890625
.15478515625
0
0
.07861328125
.0302734375
.186767578125
.012451171875
.2265625
.034423828125
.002197265625
.013916015625
.06005859375
.06005859375
.1630859375
.05810546875
.041748046875
.15380859375
.129150390625
.033935546875
.18310546875
.009765625
.10400390625
.05126953125
.109619140625
.0791015625
.09228515625
0
0
0
0
.10888671875
.158203125
.140380859375
0
0
.013671875
.00634765625
.035400390625
.035400390625
.143798828125
.06640625
0
.029052734375
.06005859375
.0703125
.045166015625
.063232421875
.0712890625
.19775390625
.212646484375
0
.02001953125
.023193359375
.12744140625
0
.10986328125
.015625
.135986328125
0
0
0
.021484375
.20361328125
.13037109375
.16015625
0
.044189453125
0
.024169921875
.097412109375
.056884765625
0
.04345703125
0
.055419921875
.078369140625
.033203125
0
.047607421875
.09716796875
.222412109375
.159912109375
0
.067626953125
.0419921875
.181396484375
.052734375
.12109375
0
.145751953125
0
0
0
.046630859375
.18505859375
.115966796875
.13818359375
0
.030517578125
0
0
.15478515625
0
.08642578125
.0302734375
.115478515625
.035400390625
.031982421875
.041748046875
.015625
.039306640625
.057861328125
.059814453125
0
0
.05908203125
.03271484375
.12255859375
.05078125
.13623046875
0
.130126953125
0
.09912109375
0
.02392578125
0
.145751953125
.19873046875
0
0
0
0
.162353515625
0
.104248046875
0
.16455078125
0
.009765625
.061767578125
.109130859375
.063232421875
0
0
0
0
.040283203125
0
0
.030029296875
.15283203125
.05712890625
.126708984375
0
.099853515625
0
0
0
.142822265625
.361083984375
0
0
0
0
.17236328125
0
.0966796875
0
.201904296875
.000732421875
.02294921875
.06640625
.24951171875
.214599609375
0
.091064453125
0
0
.041015625
0
0
.210205078125
.14794921875
.31103515625
.11865234375
0
.070556640625
0
0
0
0
0
0
0
0
0
0
0
0
0
0
0
0
0
0
0
0
0
0
0
0
0
0
0
0
0
0
0
0
0
0
0
0
0
0
0
0
0
0
0
0
0
0
0
0
0
0
0
0
0
0
0
0
0
0
0
0
0
0
0
0
0
0
0
.00634765625
.046875
0
.11083984375
0
.078369140625
.241943359375
0
.015380859375
.171875
0
.5107421875
.201171875
0
0
.04541015625
.368896484375
.1513671875
0
0
.3037109375
.311767578125
.556884765625
.172119140625
.022705078125
0
.204345703125
0
0
0
.095458984375
0
.029052734375
.195068359375
0
0
0
0
.176513671875
0
.130126953125
.076416015625
.0419921875
.175537109375
.09423828125
.017822265625
0
0
.05908203125
0
.051513671875
.02783203125
.1083984375
.110107421875
.047607421875
.012939453125
.078369140625
.059814453125
.21337890625
0
0
0
0
.1103515625
.086181640625
.349853515625
0
0
.08447265625
0
0
.00439453125
.051025390625
.01025390625
.128173828125
0
.09228515625
.110107421875
.124755859375
.034912109375
.012451171875
.017333984375
.21044921875
.135986328125
0
.038330078125
0
.05712890625
.15673828125
.234619140625
.203857421875
0
0
0
0
.301025390625
.283447265625
.060791015625
0
.00634765625
.052490234375
0
0
.1435546875
0
.24560546875
.099853515625
.32177734375
.3076171875
.169677734375
0
.021728515625
.373779296875
.063720703125
.349365234375
.103759765625
0
.25439453125
.588623046875
.06005859375
.12060546875
0
.224365234375
0
0
0
.137939453125
.423828125
0
.46044921875
0
.143310546875
.095947265625
.0205078125
.056640625
0
.076904296875
.071044921875
.142578125
.0478515625
.241943359375
.01806640625
.20068359375
.01904296875
0
.064208984375
.163818359375
.0537109375
.217041015625
0
.151123046875
.31640625
.114990234375
.3154296875
.255615234375
0
0
0
0
.277587890625
.042724609375
.489013671875
0
.069580078125
.279541015625
0
.187255859375
.034423828125
.35205078125
0
.044677734375
0
0
.2158203125
.34423828125
.035400390625
0
0
0
.201171875
.226806640625
0
0
.23095703125
.098388671875
.378662109375
.2177734375
0
0
0
0
.105224609375
.05322265625
.15087890625
0
.067626953125
.00634765625
.037109375
.203125
.017333984375
.2060546875
0
0
.03662109375
.08984375
.007568359375
.015869140625
.04931640625
.026123046875
.028076171875
0
.0634765625
.292724609375
0
0
.1904296875
.016845703125
0
.142578125
0
0
0
0
0
.058837890625
.158203125
0
.029296875
.022216796875
.031005859375
.22900390625
.0322265625
.235595703125
0
0
.010009765625
.083251953125
0
.06591796875
.0498046875
0
.03564453125
0
.061279296875
.3154296875
.0009765625
0
.160400390625
.01611328125
.01953125
.132568359375
0
0
0
0
0
.04345703125
.221923828125
0
0
.08837890625
0
.163330078125
.027099609375
.268310546875
.02197265625
0
.000244140625
.073486328125
.06396484375
.10400390625
.05126953125
0
.10107421875
0
.052490234375
.189697265625
0
0
.101806640625
.02783203125
.113525390625
.1455078125
0
0
0
0
0
.0703125
.211181640625
0
.009765625
.040283203125
0
.074462890625
0
.120361328125
.022705078125
0
0
.0693359375
.05615234375
.048095703125
.03564453125
.028076171875
.175048828125
.089599609375
0
.0556640625
0
0
.037353515625
.053955078125
.037109375
.15234375
0
0
0
0
.013671875
.077880859375
.197509765625
0
0
0
0
0
0
.0146484375
.04931640625
0
.02294921875
.0849609375
.033935546875
0
.018310546875
.05029296875
.2177734375
.16943359375
0
.03857421875
0
.061767578125
.043212890625
.1025390625
0
.17333984375
0
0
0
0
.153076171875
.0400390625
.203125
0
.027099609375
0
0
0
0
.029541015625
.050048828125
0
.011962890625
.109130859375
0
0
.0146484375
.043212890625
.21923828125
.091064453125
0
.071044921875
0
.057861328125
.05517578125
.080078125
0
.1796875
0
0
0
0
.09716796875
.046142578125
.2197265625
0
.00048828125
0
0
0
.0146484375
.0322265625
.08544921875
0
.025390625
.133056640625
.01171875
0
.02978515625
.03759765625
.22998046875
.043212890625
0
.057861328125
.0068359375
.035400390625
.0498046875
.06494140625
0
.198974609375
0
0
0
0
.0419921875
.041259765625
.2275390625
0
.02099609375
0
0
0
.013671875
.005126953125
.073486328125
0
.00390625
.14404296875
.014404296875
0
.020751953125
.035400390625
.239501953125
.03271484375
0
.071044921875
0
.025390625
.050537109375
.0625
0
.20458984375
0
0
0
0
.0703125
.044677734375
.241455078125
0
.00390625
.012451171875
0
0
.00634765625
.03125
.068359375
0
0
.13720703125
.022705078125
0
.03173828125
.00732421875
.227294921875
.0224609375
0
.052001953125
0
0
.06201171875
.072021484375
0
.20361328125
0
0
0
0
.033447265625
.041259765625
.378173828125
0
.015625
.006591796875
0
0
0
.0126953125
.0673828125
0
.004638671875
.132080078125
.12158203125
.1376953125
.149169921875
.011962890625
.239013671875
.0390625
0
.04052734375
0
0
.19189453125
.135986328125
.328857421875
.20263671875
0
0
0
0
.11376953125
0
0
0
0
0
0
0
0
0
0
0
0
0
0
0
0
0
0
0
0
0
0
0
0
0
0
0
0
0
0
0
0
0
0
0
0
0
0
0
0
0
0
0
0
0
0
0
0
0
0
0
0
0
0
0
0
0
0
0
0
0
0
0
0
.03173828125
.291015625
0
.1748046875
.027587890625
.088134765625
.1455078125
.03173828125
.060791015625
.112548828125
0
.42138671875
.224853515625
.108642578125
0
.136962890625
.125732421875
.347412109375
.0986328125
0
.297607421875
0
.35986328125
.134033203125
.098876953125
0
.2265625
0
0
0
.028076171875
.097900390625
.018310546875
.13330078125
0
.14697265625
0
.043212890625
.26953125
0
.08984375
.109619140625
0
.20751953125
.12109375
.06787109375
0
0
.1142578125
.154052734375
0
0
.284423828125
.143798828125
.104736328125
.08837890625
.046142578125
0
.200439453125
0
0
0
0
0
.155029296875
.150390625
0
0
.06396484375
0
.154296875
.0517578125
.127685546875
.155029296875
0
.231689453125
.081787109375
.04443359375
.0322265625
.0478515625
.31787109375
0
.11279296875
.142578125
.088134765625
.251708984375
.231201171875
.11328125
.03173828125
.033203125
.181640625
0
0
0
0
.102783203125
.09375
.243408203125
0
.118896484375
0
.025634765625
.058837890625
.151123046875
0
.208251953125
.13818359375
.315673828125
.24267578125
0
0
.0986328125
.27685546875
0
.14599609375
0
.11376953125
.206298828125
.44677734375
.22509765625
.1015625
.061279296875
.246337890625
0
0
0
.025390625
.1181640625
.022216796875
.58056640625
0
.14306640625
.35302734375
.0361328125
.046630859375
0
.310546875
0
.1259765625
0
.055908203125
.195068359375
.354736328125
.0380859375
0
0
0
.240234375
.15966796875
0
0
.313720703125
.122314453125
.4423828125
.223388671875
0
0
0
0
0
.053955078125
.351318359375
0
0
.245361328125
0
.057373046875
.067138671875
.297119140625
.055908203125
0
0
.088134765625
.139404296875
.169921875
.022216796875
.018798828125
.190673828125
.03271484375
.12060546875
.08251953125
0
.005859375
.009521484375
.035400390625
.2431640625
.17333984375
0
0
0
0
.038330078125
.03955078125
.2158203125
0
.028076171875
0
0
0
0
.004638671875
.0517578125
0
0
.093017578125
.012451171875
0
.014892578125
.01416015625
.213134765625
.050537109375
0
.04248046875
0
.015625
.05810546875
.053955078125
0
.176513671875
0
0
0
0
.0595703125
.017333984375
.205810546875
0
.011474609375
.00341796875
0
0
0
.02197265625
.0400390625
0
0
.078125
.015380859375
0
.017822265625
.022216796875
.20068359375
.04736328125
0
.05615234375
0
0
.04345703125
.05126953125
0
.16357421875
0
0
0
0
.062255859375
.017578125
.198974609375
0
.00927734375
.007568359375
0
0
0
.023193359375
.03662109375
0
0
.093994140625
.0009765625
0
.029052734375
.0166015625
.210693359375
.017333984375
0
.0546875
0
0
.064697265625
.051513671875
0
.15673828125
0
0
0
0
.030029296875
.024658203125
.1962890625
0
.003173828125
.007080078125
0
0
.00732421875
.029541015625
.06298828125
0
.006103515625
.116943359375
0
0
.031494140625
.032470703125
.235595703125
.04443359375
0
.066650390625
0
.0302734375
.041015625
.052734375
0
.171630859375
0
0
0
0
.054931640625
.04296875
.213623046875
0
.004638671875
0
0
0
0
.01953125
.088134765625
0
.02880859375
.1416015625
0
0
.02783203125
.03662109375
.258544921875
.071044921875
0
.06982421875
.002685546875
.045166015625
.03125
.065185546875
0
.19091796875
0
0
0
0
.076904296875
.052490234375
.225341796875
0
.02392578125
0
0
0
.006103515625
.021728515625
.10400390625
0
.028564453125
.160888671875
.003662109375
0
.02978515625
.043701171875
.276611328125
.082763671875
0
.0537109375
.008056640625
.062744140625
.02294921875
.0732421875
0
.216552734375
0
0
0
0
.1015625
.0419921875
.23779296875
0
.038330078125
0
0
0
.018310546875
0
.103515625
0
.0283203125
.156005859375
0
0
.02587890625
.0498046875
.262939453125
.076416015625
0
.04248046875
0
.072509765625
.07568359375
.062255859375
0
.222412109375
0
0
0
0
.101806640625
.01318359375
.242919921875
0
.01171875
.00048828125
0
0
0
.025146484375
.082275390625
0
.016845703125
.140380859375
.015625
0
.012939453125
.0322265625
.246337890625
.066162109375
0
.047607421875
.008544921875
.015380859375
.062744140625
.06494140625
0
.214111328125
0
0
0
0
.107177734375
.078369140625
.262939453125
0
.000244140625
0
0
0
.015380859375
.048583984375
.141845703125
0
.069091796875
.1865234375
.01171875
0
.022216796875
.06201171875
.271728515625
.141357421875
0
.030029296875
.006103515625
.09375
.035888671875
.086181640625
0
.24169921875
0
0
0
0
.1416015625
.1044921875
.48291015625
0
.057373046875
0
0
0
.035400390625
.031982421875
.15185546875
0
.042724609375
.198486328125
.14501953125
.12158203125
.19384765625
.050048828125
.3046875
.155517578125
0
.011962890625
.00537109375
.110107421875
.267822265625
.198486328125
.4013671875
.2646484375
0
0
0
0
.224365234375
0
0
0
0
0
0
0
0
0
0
0
0
0
0
0
0
0
0
0
0
0
0
0
0
0
0
0
0
0
0
0
0
0
0
0
0
0
0
0
0
0
0
0
0
0
0
0
0
0
0
0
0
0
0
0
0
0
0
0
0
0
0
0
0
.003662109375
.326171875
0
.010009765625
.056396484375
0
0
0
.019287109375
.103759765625
0
.43896484375
.237060546875
.084228515625
0
.133056640625
.038330078125
.349609375
.0556640625
0
.08349609375
0
.3486328125
.14990234375
.07763671875
0
.23291015625
0
0
0
.020751953125
.071044921875
.034912109375
.269775390625
0
.110595703125
.01708984375
.025634765625
.084716796875
0
.041748046875
.09130859375
0
0
.122314453125
.090087890625
0
.01416015625
.0751953125
.267333984375
.0263671875
0
.212890625
.013427734375
.037109375
.081787109375
.079345703125
0
.2216796875
0
0
0
0
.05126953125
.11474609375
.11962890625
0
.184814453125
0
.0107421875
.2080078125
.017333984375
.036865234375
.207763671875
0
.331298828125
.13916015625
.0478515625
0
0
.39404296875
.135498046875
.026123046875
.0341796875
.29345703125
.37451171875
.329345703125
.052001953125
.032470703125
0
.194580078125
0
0
0
0
0
0
.396240234375
0
.0126953125
0
0
.209228515625
0
.124755859375
.185791015625
.11083984375
.394287109375
.203369140625
0
.13037109375
.16455078125
.107421875
0
.0478515625
0
.17724609375
.2109375
.361572265625
.285888671875
.13330078125
.2451171875
.240966796875
0
0
0
0
0
.075439453125
.6181640625
0
0
.403564453125
0
0
.07666015625
.217041015625
0
.050048828125
0
.04150390625
.30615234375
.362548828125
.01318359375
0
.10595703125
.00390625
.265625
.051025390625
0
0
.129638671875
.1005859375
.46728515625
.1689453125
0
0
0
0
.005615234375
.028564453125
.2138671875
0
.023681640625
.0078125
0
0
.0029296875
.015380859375
.059814453125
0
.008056640625
.114990234375
.0048828125
0
.01025390625
.03759765625
.20703125
.0302734375
0
.05517578125
.004150390625
.0205078125
.056884765625
.058349609375
0
.176513671875
0
0
0
0
.051025390625
.0380859375
.244140625
0
.031982421875
.017578125
0
0
.00927734375
.0126953125
.06787109375
0
.0087890625
.11083984375
.052978515625
0
.036376953125
0
.216552734375
.048095703125
0
.06298828125
0
.018310546875
.05419921875
.0732421875
0
.18212890625
0
0
0
0
.1005859375
.025146484375
.21728515625
0
.041015625
.01318359375
0
0
.009521484375
.01025390625
.050537109375
0
.0029296875
.10791015625
.0380859375
0
.02001953125
.016845703125
.2265625
.025634765625
0
.055908203125
0
.004638671875
.034423828125
.056396484375
0
.175048828125
0
0
0
0
.073486328125
.018310546875
.19921875
0
.00927734375
0
0
0
0
.00732421875
.05419921875
0
.015625
.099853515625
0
0
.01953125
.0322265625
.224365234375
.051025390625
0
.046875
.002685546875
.01318359375
.03466796875
.048095703125
0
.172119140625
0
0
0
0
.059326171875
.0263671875
.207763671875
0
.01025390625
0
0
0
0
.00634765625
.071533203125
0
.022705078125
.12109375
0
0
.019287109375
.03466796875
.243896484375
.06103515625
0
.041748046875
.001708984375
.030029296875
.037353515625
.05859375
0
.192626953125
0
0
0
0
.073974609375
.0087890625
.23291015625
0
.024169921875
0
0
0
0
.020751953125
.076171875
0
.0029296875
.135009765625
0
0
.0283203125
.036865234375
.266845703125
.046630859375
0
.091796875
0
.0283203125
.0673828125
.045654296875
0
.20556640625
0
0
0
0
.05078125
0
.229248046875
0
.040771484375
0
0
0
0
.014892578125
.088623046875
0
.02490234375
.143798828125
0
0
.02392578125
.039306640625
.255126953125
.052001953125
0
.111083984375
.005859375
.017333984375
.067626953125
.04541015625
0
.222900390625
0
0
0
0
.03662109375
.02587890625
.261474609375
0
.039794921875
.013671875
0
0
0
.06689453125
.061767578125
0
0
.130859375
.01025390625
0
.02099609375
.00830078125
.2412109375
0
0
.11083984375
0
0
.097900390625
.05224609375
0
.218017578125
0
0
0
0
.010986328125
.089599609375
.24365234375
0
.04248046875
.005126953125
0
0
.05908203125
.095703125
.154296875
0
.079345703125
.21337890625
0
0
.047607421875
.08544921875
.30712890625
.0712890625
0
.109375
.05078125
.13134765625
.054443359375
.056640625
0
.2490234375
0
0
0
0
.061767578125
.044677734375
.291015625
0
.0986328125
0
0
0
.037841796875
0
.156494140625
0
.0703125
.20751953125
.005126953125
0
.052001953125
.05517578125
.306396484375
.082763671875
0
.15673828125
.005126953125
.121826171875
.224365234375
.050048828125
0
.272216796875
0
0
0
0
.0546875
0
.45947265625
0
.05908203125
.079833984375
0
.02685546875
0
.140869140625
.05224609375
0
0
.123046875
.04296875
.21826171875
.16650390625
.013427734375
.233642578125
0
.0810546875
.1845703125
.031494140625
0
.283203125
.115966796875
.421630859375
.25634765625
0
0
0
0
.0341796875
0
0
0
0
0
0
0
0
0
0
0
0
0
0
0
0
0
0
0
0
0
0
0
0
0
0
0
0
0
0
0
0
0
0
0
0
0
0
0
0
0
0
0
0
0
0
0
0
0
0
0
0
0
0
0
0
0
0
0
0
0
0
0
0
.003662109375
.340087890625
0
.04736328125
.064208984375
0
0
.0224609375
.000244140625
.1240234375
0
.465087890625
.255615234375
.09375
0
.156494140625
.03173828125
.3515625
.0751953125
0
.07421875
0
.38671875
.154052734375
.06640625
0
.240478515625
0
0
0
.04638671875
.09228515625
.011474609375
.2744140625
0
.02197265625
.037109375
0
0
.00927734375
.002197265625
.099365234375
0
.00830078125
.1396484375
.02392578125
0
.018310546875
.026611328125
.281494140625
.02587890625
0
.0615234375
0
.00927734375
.039794921875
.0546875
0
.224365234375
0
0
0
0
.05078125
.03125
.244873046875
0
.2412109375
0
.131591796875
.130126953125
.010986328125
.034423828125
.087890625
0
0
.12255859375
.077880859375
0
.014892578125
.211181640625
.255615234375
.02001953125
0
.35302734375
.06005859375
.08447265625
.0869140625
.067626953125
0
.211181640625
0
0
0
0
.04638671875
.005859375
.26025390625
0
.19384765625
0
.1416015625
.30908203125
0
.2041015625
.044189453125
0
.153564453125
.130859375
.009765625
.10693359375
.126708984375
.11572265625
.09619140625
0
0
.376708984375
.19287109375
.079345703125
.203125
.014892578125
.085205078125
.175537109375
0
0
0
0
0
.01318359375
.384521484375
0
.02783203125
.3388671875
.0146484375
.0703125
.09228515625
.2568359375
0
0
0
.07177734375
.258056640625
.218505859375
.0810546875
0
.166015625
0
.177978515625
.124267578125
0
0
.07177734375
.037353515625
.283447265625
.1484375
0
0
0
0
0
.005126953125
.188720703125
0
.03466796875
.03466796875
0
.02880859375
.01171875
.06787109375
.05322265625
0
.042724609375
.0869140625
0
0
.03173828125
.055908203125
.171142578125
0
.003173828125
.130859375
.0146484375
.00390625
.05224609375
.008544921875
0
.171630859375
0
0
0
0
0
.005615234375
.22900390625
0
.026123046875
.015380859375
0
0
0
.019287109375
.060791015625
0
.0439453125
.091796875
.007568359375
0
.01318359375
.015869140625
.210693359375
.07421875
0
.10009765625
.005615234375
.00732421875
.06494140625
.047119140625
0
.185791015625
0
0
0
0
.07861328125
.03564453125
.236328125
0
.013671875
.023681640625
0
0
0
.02197265625
.05322265625
0
.02490234375
.1083984375
.03857421875
0
.0205078125
.024169921875
.22509765625
.066162109375
0
.0419921875
0
0
.0595703125
.07177734375
0
.1865234375
0
0
0
0
.10986328125
.052734375
.203125
0
.01123046875
0
0
0
.02783203125
.02587890625
.07568359375
0
.02392578125
.13818359375
.008056640625
0
.0244140625
.041748046875
.235595703125
.09423828125
0
.0634765625
0
.051513671875
.02392578125
.05908203125
0
.1884765625
0
0
0
0
.113525390625
.04296875
.239501953125
0
.018798828125
0
0
0
.023681640625
0
.08544921875
0
.025634765625
.1572265625
.00634765625
0
.027099609375
.0390625
.26025390625
.09814453125
0
.0615234375
0
.0478515625
.037109375
.0732421875
0
.204833984375
0
0
0
0
.13671875
.016357421875
.26513671875
0
.046630859375
.01416015625
0
0
.027099609375
.00244140625
.067138671875
0
0
.1552734375
.031005859375
0
.036376953125
.010009765625
.270751953125
.041015625
0
.061767578125
0
.004638671875
.061279296875
.06591796875
0
.208740234375
0
0
0
0
.10400390625
.03515625
.2421875
0
.04052734375
.021484375
0
0
.011474609375
.0361328125
.076904296875
0
.018310546875
.130859375
.013427734375
0
.017822265625
.051025390625
.249267578125
.026611328125
0
.098388671875
.0224609375
.0146484375
.07470703125
.044677734375
0
.203125
0
0
0
0
.046142578125
.077392578125
.228515625
0
0
.000244140625
0
0
.052734375
.063720703125
.17529296875
0
.11865234375
.218017578125
0
0
.02978515625
.11279296875
.289306640625
.196533203125
0
.065673828125
.076171875
.191650390625
.01708984375
.063232421875
0
.231689453125
0
0
0
0
.1875
.07080078125
.354248046875
0
.060791015625
0
0
0
.07080078125
0
.1572265625
0
.048828125
.245849609375
0
0
.044677734375
.08935546875
.3564453125
.161376953125
0
.0595703125
.013671875
.14697265625
.100830078125
.107421875
0
.271484375
0
0
0
0
.216552734375
0
.392333984375
0
.076416015625
.09033203125
.0146484375
.024169921875
0
.087890625
.046630859375
0
0
.1875
.0869140625
.009765625
.062744140625
0
.307861328125
.031005859375
.01318359375
.154052734375
0
0
.155517578125
.09228515625
.05029296875
.25634765625
0
0
0
0
.099853515625
.0458984375
.306884765625
0
.093994140625
.112060546875
.004638671875
.05029296875
.030517578125
.09423828125
.065673828125
0
0
.099365234375
.15283203125
.0908203125
.16455078125
.0751953125
.225341796875
0
.0595703125
.149658203125
.055419921875
0
.218994140625
.1162109375
.24658203125
.198974609375
0
0
0
0
.042724609375
0
0
0
0
0
0
0
0
0
0
0
0
0
0
0
0
0
0
0
0
0
0
0
0
0
0
0
0
0
0
0
0
0
0
0
0
0
0
0
0
0
0
0
0
0
0
0
0
0
0
0
0
0
0
0
0
0
0
0
0
0
0
0
0
0
.32080078125
0
.08642578125
.175537109375
.04345703125
.014404296875
.015869140625
.026611328125
.11376953125
0
.470947265625
.23193359375
.0791015625
.04345703125
.115478515625
.03369140625
.3203125
.035400390625
.1640625
.183837890625
.087158203125
.36865234375
.324951171875
.044921875
.0498046875
.231689453125
0
0
0
.031982421875
.05322265625
.003173828125
.2626953125
0
.058837890625
.1796875
.0009765625
0
.01318359375
.01171875
.082275390625
0
.01806640625
.134521484375
.0556640625
.0205078125
.009765625
.02685546875
.2724609375
.00830078125
.17431640625
.14794921875
.012451171875
.00146484375
.1982421875
.029541015625
.0234375
.21484375
0
0
0
0
.0595703125
0
.23388671875
0
.0537109375
.140869140625
0
0
0
.002685546875
.076171875
0
.011962890625
.10986328125
.010498046875
.021728515625
.0166015625
.01904296875
.248291015625
.026123046875
.139404296875
.14453125
.0107421875
0
.1796875
.043212890625
0
.203369140625
0
0
0
0
.042236328125
.0068359375
.199951171875
0
.044921875
.140869140625
0
0
0
.038330078125
.0439453125
0
0
.0859375
.0703125
.042724609375
.02197265625
.024169921875
.200927734375
0
.132568359375
.121337890625
.006591796875
0
.165283203125
.060302734375
.017333984375
.181640625
0
0
0
0
.017578125
.00390625
.22314453125
0
.025634765625
.150146484375
.00439453125
0
.00537109375
.046630859375
.012939453125
0
.01123046875
.061279296875
.04248046875
.044677734375
.05810546875
.0048828125
.203369140625
0
.1259765625
.106689453125
0
0
.174072265625
.042724609375
.024658203125
.15087890625
0
0
0
0
.003173828125
.015869140625
.167236328125
0
.0595703125
.125
.02392578125
0
0
.027587890625
.036865234375
0
.0224609375
.091552734375
.012451171875
.00634765625
.04150390625
.049072265625
.209228515625
0
.11328125
.117919921875
.0205078125
.006591796875
.156494140625
.033203125
0
.150146484375
0
0
0
0
0
.001708984375
.166748046875
0
.053955078125
.12744140625
.026611328125
.042236328125
.01171875
.064697265625
.022216796875
0
.01611328125
.091796875
0
.01904296875
.045654296875
.02685546875
.18701171875
0
.115478515625
.158203125
.014892578125
0
.16650390625
.025634765625
0
.1494140625
0
0
0
0
0
0
.16552734375
0
.08984375
.1162109375
.072998046875
.039306640625
.00439453125
.057373046875
.028076171875
0
.020263671875
.0615234375
0
.04638671875
.021728515625
.0390625
.16259765625
0
.109375
.215576171875
.033203125
0
.169677734375
0
.002197265625
.15234375
0
0
0
0
0
0
.149658203125
0
.087890625
.09228515625
.052001953125
.01123046875
.00439453125
.032470703125
.05517578125
0
.07568359375
.08642578125
0
0
0
.051025390625
.171630859375
.00244140625
.104736328125
.214111328125
.055908203125
.01611328125
.14794921875
0
0
.167724609375
0
0
0
0
0
0
.224609375
0
.07666015625
.110107421875
0
0
.00048828125
0
.0830078125
0
.067626953125
.126953125
0
.005126953125
.02197265625
.053955078125
.234375
.0888671875
.133544921875
.181640625
.0498046875
.045166015625
.229248046875
.04345703125
0
.210205078125
0
0
0
0
.09423828125
0
.283203125
0
.0205078125
.188232421875
0
0
0
.03515625
.04052734375
0
.005859375
.112548828125
.04541015625
.06494140625
.013916015625
0
.248046875
.05517578125
.170654296875
.124267578125
0
0
.216064453125
.06982421875
.0517578125
.2109375
0
0
0
0
.119384765625
.030517578125
.234375
0
.09033203125
.144775390625
.01025390625
0
.01318359375
0
.085693359375
0
.01953125
.123779296875
.021484375
.02294921875
.0224609375
.0849609375
.240478515625
.069091796875
.15380859375
.1513671875
.049560546875
.04541015625
.1796875
.037109375
.010009765625
.187255859375
0
0
0
0
.082763671875
.02392578125
.143798828125
0
.111572265625
.083740234375
.000732421875
0
.026123046875
0
.15234375
0
.114501953125
.201171875
0
0
0
.12548828125
.250244140625
.12451171875
.14794921875
.220458984375
.0791015625
.170654296875
.255859375
.025634765625
0
.237548828125
0
0
0
0
.11572265625
0
.3681640625
0
.040283203125
.206787109375
0
0
0
.100830078125
.10791015625
0
.05908203125
.193359375
.018310546875
.11181640625
.018798828125
0
.269287109375
.092529296875
.198486328125
.207763671875
.0078125
.05029296875
.307861328125
.05712890625
.109130859375
.26123046875
0
0
0
0
.113037109375
0
.400390625
0
.037841796875
.257568359375
0
0
.0087890625
.1220703125
.03369140625
0
0
.097900390625
.08544921875
.1396484375
.00146484375
.025634765625
.254150390625
.009765625
.208984375
.13330078125
0
0
.2041015625
.062744140625
.1484375
.23193359375
0
0
0
0
.042236328125
0
.327880859375
0
.056396484375
.16796875
0
0
.045166015625
.081787109375
.069091796875
0
.01171875
.086181640625
.09375
.195068359375
.079345703125
0
.223876953125
0
.110595703125
.0927734375
0
0
.183837890625
.114501953125
.252685546875
.194580078125
0
0
0
0
.094482421875
0
0
0
0
0
0
0
0
0
0
0
0
0
0
0
0
0
0
0
0
0
0
0
0
0
0
0
0
0
0
0
0
0
0
0
0
0
0
0
0
0
0
0
0
0
0
0
0
0
0
0
0
0
0
0
0
0
0
0
0
0
0
0
0
0
0
0
0
0
0
0
0
0
0
0
0
0
0
0
0
0
0
0
0
0
0
0
0
0
0
0
0
0
0
0
0
0
0
0
0
0
0
0
0
0
0
0
0
0
0
0
0
0
0
0
0
0
0
0
0
0
0
0
0
0
0
0
0
0
0
0
0
0
0
0
0
0
0
0
0
0
0
0
0
0
0
0
0
0
0
0
0
0
0
0
0
0
0
0
0
0
0
0
0
0
0
0
0
0
0
0
0
0
0
0
0
0
0
0
0
0
0
0
0
0
0
0
0
0
0
0
0
0
0
0
0
0
0
0
0
0
0
0
0
0
0
0
0
0
0
0
0
0
0
0
0
0
0
0
0
0
0
0
0
0
0
0
0
0
0
0
0
0
0
0
0
0
0
0
0
0
0
0
0
0
0
0
0
0
0
0
0
0
0
0
0
0
0
0
0
0
0
0
0
0
0
0
0
0
0
0
0
0
0
0
0
0
0
0
0
0
0
0
0
0
0
0
0
0
0
0
0
0
0
0
0
0
0
0
0
0
0
0
0
0
0
0
0
0
0
0
0
0
0
0
0
0
0
0
0
0
0
0
0
0
0
0
0
0
0
0
0
0
0
0
0
0
0
0
0
0
0
0
0
0
0
0
0
0
0
0
0
0
0
0
0
0
0
0
0
0
0
0
0
0
0
0
0
0
0
0
0
0
0
0
0
0
0
0
0
0
0
0
0
0
0
0
0
0
0
0
0
0
0
0
0
0
0
0
0
0
0
0
0
0
0
0
0
0
0
0
0
0
0
0
0
0
0
0
0
0
0
0
0
0
0
0
0
0
0
0
0
0
0
0
0
0
0
0
0
0
0
0
0
0
0
0
0
0
0
0
0
0
0
0
0
0
0
0
0
0
0
0
0
0
0
0
0
0
0
0
0
0
0
0
0
0
0
0
0
0
0
0
0
0
0
0
0
0
0
0
0
0
0
0
0
0
0
0
0
0
0
0
0
0
0
0
0
0
0
0
0
0
0
0
0
0
0
0
0
0
0
0
0
0
0
0
0
0
0
0
0
0
0
0
0
0
0
0
0
0
0
0
0
0
0
0
0
0
0
0
0
0
0
0
0
0
0
0
0
0
0
0
0
0
0
0
0
0
0
0
0
0
0
0
0
0
0
0
0
0
0
0
0
0
0
0
0
0
0
0
0
0
0
0
0
0
0
0
0
0
0
0
0
0
0
0
0
