-.000244140625
-.021240234375
.084716796875
.0166015625
.037109375
.052734375
-.033935546875
.00439453125
.01904296875
-.082275390625
-.030517578125
.001708984375
-.122802734375
.01220703125
.046630859375
.024169921875
.021240234375
.085205078125
.008544921875
.013916015625
.014892578125
.003662109375
.01123046875
.0068359375
.005126953125
-.007080078125
-.049072265625
-.036376953125
.04345703125
-.04736328125
.0986328125
-.005615234375
-.0009765625
.047119140625
.0185546875
.003173828125
.073974609375
-.067138671875
-.028564453125
.05810546875
-.012451171875
-.033447265625
.0537109375
-.00439453125
.1171875
-.037353515625
.037353515625
-.1572265625
.00244140625
-.13818359375
-.038818359375
-.0810546875
-.171630859375
-.013916015625
.044921875
.137939453125
-.083740234375
-.0126953125
-.06787109375
.103759765625
.02197265625
.045654296875
-.02490234375
.102294921875
.121337890625
.08984375
.0126953125
-.061279296875
.0986328125
.116455078125
-.060302734375
-.192626953125
.074462890625
.17822265625
-.0869140625
-.15576171875
-.14208984375
-.126220703125
.04052734375
-.1416015625
.017822265625
.111083984375
-.071044921875
-.0419921875
-.146240234375
-.092529296875
.028076171875
-.199951171875
-.03125
-.073486328125
-.05908203125
.072998046875
-.061279296875
.048828125
-.004638671875
.01611328125
.030029296875
-.066162109375
-.031005859375
.066650390625
-.022705078125
.064208984375
.1005859375
-.044921875
-.04736328125
.054931640625
-.131103515625
-.13037109375
.07275390625
.146484375
-.095703125
.164794921875
-.04296875
.072509765625
-.046875
.080322265625
.080078125
-.017333984375
.147705078125
.103271484375
-.126953125
-.059814453125
-.043701171875
-.02197265625
.04931640625
.165283203125
-.135986328125
.01806640625
