0
0
0
0
0
0
0
0
0
0
.61962890625
.59619140625
0
.439208984375
.439208984375
0
.192138671875
.199951171875
0
.62353515625
.592041015625
0
.435302734375
.431396484375
0
.184326171875
.156982421875
0
.64697265625
.62353515625
0
.454833984375
.447021484375
0
.199951171875
.176513671875
0
.65087890625
.65087890625
0
.462646484375
.454833984375
0
.207763671875
.2197265625
0
.62744140625
.63525390625
0
.439208984375
.439208984375
0
.180419921875
.192138671875
0
.61181640625
.62744140625
0
.427490234375
.443115234375
0
.160888671875
.168701171875
0
.63525390625
.64306640625
0
.450927734375
.458740234375
0
.184326171875
.184326171875
0
.62353515625
.63525390625
0
.443115234375
.447021484375
0
.176513671875
.176513671875
0
.61962890625
.63916015625
0
.435302734375
.454833984375
0
.172607421875
.180419921875
0
.62353515625
.61181640625
0
.443115234375
.431396484375
0
.160888671875
.14892578125
0
.63134765625
.60791015625
0
.454833984375
.435302734375
0
.160888671875
.160888671875
0
.62744140625
.62353515625
0
.435302734375
.431396484375
0
.203857421875
.211669921875
0
.63134765625
.63916015625
0
.435302734375
.443115234375
0
.192138671875
.203857421875
0
.65087890625
.666748046875
0
.458740234375
.466552734375
0
.160888671875
.160888671875
0
.662841796875
.670654296875
0
.458740234375
.458740234375
0
.176513671875
.156982421875
0
.666748046875
.670654296875
0
.466552734375
.450927734375
0
.172607421875
.12939453125
0
.65478515625
.662841796875
0
.458740234375
.450927734375
0
.156982421875
.11767578125
0
.63525390625
.62744140625
0
.443115234375
.435302734375
0
.14892578125
.12939453125
0
.62744140625
.60400390625
0
.435302734375
.439208984375
0
.15283203125
.160888671875
0
.62744140625
.592041015625
0
.439208984375
.450927734375
0
.168701171875
.196044921875
0
.61181640625
.568603515625
0
.427490234375
.431396484375
0
.172607421875
.207763671875
0
.584228515625
.545166015625
0
.419677734375
.407958984375
0
.176513671875
.215576171875
0
.588134765625
.549072265625
0
.419677734375
.39990234375
0
.176513671875
.203857421875
0
.580322265625
.552978515625
0
.415771484375
.39208984375
0
.168701171875
.188232421875
0
.584228515625
.584228515625
0
.419677734375
.411865234375
0
.172607421875
.196044921875
0
.560791015625
.576416015625
0
.39599609375
.39990234375
0
.15283203125
.180419921875
0
.549072265625
.568603515625
0
.38427734375
.39990234375
0
.168701171875
.176513671875
0
.552978515625
.556884765625
0
.38037109375
.38037109375
0
.160888671875
.14892578125
0
.560791015625
.560791015625
0
.38037109375
.38427734375
0
.14892578125
.13330078125
0
.537353515625
.533447265625
0
.37255859375
.37255859375
0
.14111328125
.12158203125
0
.494140625
.490234375
0
.35693359375
.35693359375
0
.14111328125
.12548828125
0
.454833984375
.466552734375
0
.333251953125
.34521484375
0
.12939453125
.13330078125
0
0
0
0
0
0
0
0
0
0
0
0
.592041015625
.431396484375
.184326171875
.592041015625
.427490234375
.12939453125
.61962890625
.435302734375
.14111328125
.65478515625
.435302734375
.188232421875
.62744140625
.415771484375
.164794921875
.63916015625
.450927734375
.172607421875
.64697265625
.458740234375
.176513671875
.64697265625
.458740234375
.176513671875
.63916015625
.450927734375
.168701171875
.63525390625
.450927734375
.168701171875
.61962890625
.447021484375
.188232421875
.61572265625
.427490234375
.2236328125
.63134765625
.435302734375
.199951171875
.65087890625
.450927734375
.14892578125
.65478515625
.447021484375
.14501953125
.662841796875
.443115234375
.13720703125
.666748046875
.454833984375
.15283203125
.62353515625
.447021484375
.184326171875
.568603515625
.435302734375
.211669921875
.474609375
.37646484375
.192138671875
.431396484375
.35302734375
.203857421875
.38427734375
.305908203125
.196044921875
.39599609375
.302001953125
.184326171875
.447021484375
.333251953125
.196044921875
.470703125
.337158203125
.188232421875
.525390625
.37646484375
.215576171875
.560791015625
.40380859375
.199951171875
.549072265625
.38818359375
.15283203125
.556884765625
.38818359375
.13720703125
.545166015625
.38427734375
.13330078125
.509765625
.37255859375
.13330078125
.470703125
.34912109375
.12939453125
0
0
0
0
0
0
.60791015625
.419677734375
.156982421875
.60791015625
.431396484375
.12548828125
.62744140625
.427490234375
.12158203125
.682373046875
.439208984375
.172607421875
.65478515625
.431396484375
.168701171875
.65478515625
.458740234375
.180419921875
.662841796875
.470703125
.188232421875
.662841796875
.466552734375
.188232421875
.64697265625
.450927734375
.172607421875
.64697265625
.458740234375
.176513671875
.65478515625
.482421875
.2236328125
.7490234375
.572509765625
.37255859375
.694091796875
.509765625
.294189453125
.61572265625
.435302734375
.160888671875
.63525390625
.450927734375
.184326171875
.64306640625
.447021484375
.211669921875
.61962890625
.439208984375
.2275390625
.584228515625
.435302734375
.2626953125
.407958984375
.313720703125
.184326171875
.40380859375
.341064453125
.2548828125
.38427734375
.35302734375
.298095703125
.36083984375
.35302734375
.329345703125
.313720703125
.294189453125
.2587890625
.290283203125
.2470703125
.196044921875
.337158203125
.2744140625
.203857421875
.325439453125
.2431640625
.15283203125
.443115234375
.333251953125
.176513671875
.517578125
.38427734375
.180419921875
.549072265625
.39990234375
.168701171875
.549072265625
.39599609375
.15283203125
.533447265625
.38818359375
.15283203125
.498046875
.36865234375
.14111328125
0
0
0
0
0
0
.60791015625
.419677734375
.160888671875
.61181640625
.447021484375
.188232421875
.63134765625
.450927734375
.192138671875
.666748046875
.447021484375
.184326171875
.662841796875
.447021484375
.168701171875
.63916015625
.443115234375
.156982421875
.662841796875
.470703125
.184326171875
.65087890625
.454833984375
.172607421875
.64306640625
.443115234375
.160888671875
.64306640625
.454833984375
.164794921875
.678466796875
.501953125
.2314453125
.964599609375
.839111328125
.64306640625
.7646484375
.61181640625
.419677734375
.592041015625
.447021484375
.2197265625
.572509765625
.435302734375
.2353515625
.556884765625
.423583984375
.2783203125
.435302734375
.313720703125
.196044921875
.305908203125
.207763671875
.12158203125
.333251953125
.2705078125
.2197265625
.443115234375
.40380859375
.38427734375
.439208984375
.431396484375
.435302734375
.415771484375
.447021484375
.462646484375
.38037109375
.39990234375
.411865234375
.36474609375
.36865234375
.36474609375
.290283203125
.282470703125
.2626953125
.329345703125
.305908203125
.2744140625
.333251953125
.286376953125
.184326171875
.411865234375
.325439453125
.176513671875
.501953125
.37646484375
.188232421875
.541259765625
.39599609375
.180419921875
.521484375
.36865234375
.14111328125
.505859375
.36474609375
.14111328125
0
0
0
0
0
0
.580322265625
.427490234375
.211669921875
.521484375
.407958984375
.2509765625
.509765625
.39208984375
.2236328125
.576416015625
.439208984375
.207763671875
.63134765625
.450927734375
.172607421875
.64697265625
.443115234375
.15283203125
.65478515625
.454833984375
.160888671875
.65478515625
.450927734375
.160888671875
.63916015625
.435302734375
.14501953125
.64697265625
.454833984375
.15283203125
.63916015625
.462646484375
.164794921875
.705810546875
.541259765625
.333251953125
.61572265625
.478515625
.305908203125
.501953125
.39990234375
.2275390625
.38037109375
.294189453125
.168701171875
.2587890625
.196044921875
.12158203125
.2705078125
.2275390625
.168701171875
.2587890625
.2197265625
.176513671875
.34912109375
.325439453125
.298095703125
.462646484375
.443115234375
.431396484375
.478515625
.474609375
.470703125
.466552734375
.478515625
.478515625
.447021484375
.454833984375
.454833984375
.36865234375
.37646484375
.37646484375
.38818359375
.39208984375
.38037109375
.35693359375
.35693359375
.337158203125
.2275390625
.2275390625
.184326171875
.2626953125
.2275390625
.14501953125
.423583984375
.329345703125
.192138671875
.549072265625
.411865234375
.2275390625
.541259765625
.38427734375
.172607421875
.525390625
.37255859375
.156982421875
0
0
0
0
0
0
.498046875
.39208984375
.2236328125
.427490234375
.37255859375
.313720703125
.184326171875
.14501953125
.066650390625
.34521484375
.290283203125
.10986328125
.60009765625
.458740234375
.188232421875
.666748046875
.462646484375
.168701171875
.658935546875
.450927734375
.156982421875
.666748046875
.462646484375
.168701171875
.662841796875
.458740234375
.164794921875
.65087890625
.454833984375
.14501953125
.64306640625
.470703125
.15283203125
.576416015625
.419677734375
.203857421875
.505859375
.38427734375
.2314453125
.498046875
.423583984375
.294189453125
.39208984375
.341064453125
.2744140625
.2666015625
.2626953125
.2236328125
.305908203125
.325439453125
.282470703125
.282470703125
.294189453125
.2509765625
.325439453125
.329345703125
.290283203125
.517578125
.509765625
.474609375
.572509765625
.556884765625
.517578125
.486328125
.462646484375
.423583984375
.411865234375
.38818359375
.35302734375
.419677734375
.39990234375
.36865234375
.450927734375
.435302734375
.40380859375
.333251953125
.325439453125
.302001953125
.2470703125
.2783203125
.2705078125
.180419921875
.184326171875
.15283203125
.309814453125
.2392578125
.14111328125
.517578125
.38427734375
.2275390625
.552978515625
.38818359375
.188232421875
.525390625
.36474609375
.15283203125
0
0
0
0
0
0
.513671875
.450927734375
.35302734375
.38818359375
.37646484375
.36083984375
.164794921875
.168701171875
.14892578125
.2744140625
.2509765625
.160888671875
.560791015625
.435302734375
.2197265625
.65478515625
.458740234375
.164794921875
.64697265625
.447021484375
.14111328125
.658935546875
.454833984375
.15283203125
.670654296875
.466552734375
.192138671875
.63134765625
.443115234375
.199951171875
.549072265625
.427490234375
.199951171875
.470703125
.36865234375
.192138671875
.509765625
.431396484375
.302001953125
.564697265625
.513671875
.419677734375
.454833984375
.415771484375
.36474609375
.34521484375
.341064453125
.309814453125
.35693359375
.37255859375
.34521484375
.333251953125
.34521484375
.321533203125
.302001953125
.302001953125
.2705078125
.486328125
.462646484375
.419677734375
.63916015625
.60009765625
.549072265625
.533447265625
.486328125
.439208984375
.39990234375
.36474609375
.317626953125
.415771484375
.38427734375
.34521484375
.39208984375
.36474609375
.329345703125
.333251953125
.317626953125
.290283203125
.211669921875
.2353515625
.2275390625
.192138671875
.207763671875
.192138671875
.2236328125
.184326171875
.12548828125
.419677734375
.325439453125
.196044921875
.541259765625
.40380859375
.199951171875
.533447265625
.38037109375
.15283203125
0
0
0
0
0
0
.666748046875
.63134765625
.564697265625
.40380859375
.411865234375
.411865234375
.211669921875
.2275390625
.2314453125
.486328125
.474609375
.443115234375
.60009765625
.486328125
.321533203125
.63134765625
.443115234375
.168701171875
.63916015625
.458740234375
.160888671875
.65087890625
.478515625
.196044921875
.64697265625
.474609375
.2587890625
.682373046875
.529296875
.37255859375
.443115234375
.34912109375
.2314453125
.490234375
.411865234375
.305908203125
.61572265625
.552978515625
.474609375
.61181640625
.560791015625
.501953125
.474609375
.435302734375
.39599609375
.337158203125
.313720703125
.290283203125
.321533203125
.317626953125
.302001953125
.329345703125
.333251953125
.321533203125
.313720703125
.305908203125
.286376953125
.317626953125
.2783203125
.2392578125
.541259765625
.490234375
.439208984375
.572509765625
.529296875
.482421875
.443115234375
.40380859375
.36474609375
.341064453125
.309814453125
.2744140625
.325439453125
.302001953125
.2705078125
.337158203125
.321533203125
.298095703125
.2783203125
.286376953125
.2626953125
.2197265625
.2236328125
.207763671875
.156982421875
.13720703125
.10595703125
.290283203125
.2314453125
.13720703125
.521484375
.415771484375
.2314453125
.537353515625
.40380859375
.176513671875
0
0
0
0
0
0
.705810546875
.690185546875
.63916015625
.525390625
.545166015625
.560791015625
.36865234375
.39208984375
.411865234375
.60400390625
.60400390625
.584228515625
.682373046875
.584228515625
.439208984375
.61962890625
.454833984375
.199951171875
.61181640625
.454833984375
.184326171875
.60009765625
.462646484375
.2353515625
.811767578125
.705810546875
.572509765625
.929443359375
.839111328125
.7763671875
.811767578125
.705810546875
.65087890625
.61181640625
.513671875
.466552734375
.682373046875
.60009765625
.568603515625
.580322265625
.513671875
.490234375
.490234375
.431396484375
.419677734375
.36474609375
.333251953125
.309814453125
.337158203125
.329345703125
.309814453125
.290283203125
.290283203125
.2783203125
.2314453125
.2236328125
.207763671875
.298095703125
.2666015625
.2275390625
.537353515625
.490234375
.439208984375
.560791015625
.521484375
.478515625
.521484375
.486328125
.447021484375
.415771484375
.38427734375
.34912109375
.337158203125
.317626953125
.290283203125
.341064453125
.333251953125
.305908203125
.329345703125
.333251953125
.305908203125
.294189453125
.298095703125
.2783203125
.196044921875
.192138671875
.168701171875
.156982421875
.11767578125
.058837890625
.37255859375
.294189453125
.172607421875
.517578125
.40380859375
.2236328125
0
0
0
0
0
0
.717529296875
.717529296875
.686279296875
.423583984375
.454833984375
.478515625
.556884765625
.592041015625
.61962890625
.64697265625
.662841796875
.658935546875
.694091796875
.61181640625
.478515625
.60791015625
.439208984375
.196044921875
.62353515625
.462646484375
.199951171875
.478515625
.34912109375
.184326171875
.835205078125
.7724609375
.701904296875
.929443359375
.87841796875
.88623046875
.86279296875
.7490234375
.7373046875
.64306640625
.529296875
.513671875
.717529296875
.62353515625
.60791015625
.61181640625
.537353515625
.517578125
.490234375
.423583984375
.407958984375
.470703125
.435302734375
.407958984375
.305908203125
.298095703125
.2705078125
.313720703125
.313720703125
.302001953125
.176513671875
.172607421875
.156982421875
.35693359375
.333251953125
.302001953125
.686279296875
.64697265625
.60400390625
.61572265625
.576416015625
.537353515625
.60791015625
.576416015625
.541259765625
.419677734375
.39208984375
.36083984375
.341064453125
.325439453125
.302001953125
.40380859375
.39990234375
.37646484375
.34521484375
.34521484375
.309814453125
.305908203125
.309814453125
.286376953125
.2314453125
.2314453125
.2314453125
.160888671875
.14111328125
.12939453125
.2314453125
.180419921875
.12158203125
.407958984375
.317626953125
.180419921875
0
0
0
0
0
0
.7373046875
.7490234375
.7412109375
.39208984375
.423583984375
.454833984375
.529296875
.564697265625
.60009765625
.666748046875
.686279296875
.697998046875
.7333984375
.65478515625
.533447265625
.65087890625
.470703125
.2314453125
.678466796875
.482421875
.215576171875
.525390625
.36474609375
.172607421875
.458740234375
.37255859375
.313720703125
.7607421875
.713623046875
.7373046875
.7802734375
.670654296875
.64306640625
.666748046875
.556884765625
.521484375
.7255859375
.63134765625
.592041015625
.7412109375
.670654296875
.62353515625
.525390625
.466552734375
.415771484375
.458740234375
.419677734375
.37255859375
.39990234375
.38427734375
.34912109375
.329345703125
.329345703125
.309814453125
.14892578125
.14892578125
.13330078125
.490234375
.474609375
.443115234375
.823486328125
.788330078125
.7529296875
.62744140625
.59619140625
.556884765625
.572509765625
.545166015625
.509765625
.36474609375
.34912109375
.321533203125
.325439453125
.313720703125
.294189453125
.36865234375
.36474609375
.34521484375
.407958984375
.407958984375
.36865234375
.333251953125
.341064453125
.317626953125
.286376953125
.294189453125
.305908203125
.215576171875
.207763671875
.215576171875
.2431640625
.215576171875
.188232421875
.298095703125
.2197265625
.10205078125
0
0
0
0
0
0
.7412109375
.7607421875
.7607421875
.35302734375
.37646484375
.411865234375
.498046875
.525390625
.564697265625
.686279296875
.705810546875
.7255859375
.682373046875
.61181640625
.521484375
.65087890625
.482421875
.2666015625
.697998046875
.482421875
.207763671875
.62353515625
.427490234375
.184326171875
.38037109375
.2666015625
.172607421875
.658935546875
.60400390625
.59619140625
.658935546875
.564697265625
.494140625
.537353515625
.447021484375
.36865234375
.7294921875
.65087890625
.580322265625
.84716796875
.792236328125
.717529296875
.62744140625
.584228515625
.505859375
.482421875
.443115234375
.38427734375
.470703125
.447021484375
.411865234375
.450927734375
.447021484375
.427490234375
.196044921875
.196044921875
.184326171875
.588134765625
.576416015625
.549072265625
.7607421875
.7333984375
.697998046875
.60791015625
.584228515625
.549072265625
.482421875
.462646484375
.435302734375
.35693359375
.34521484375
.325439453125
.329345703125
.325439453125
.309814453125
.329345703125
.329345703125
.313720703125
.37255859375
.37255859375
.333251953125
.337158203125
.341064453125
.317626953125
.329345703125
.341064453125
.34912109375
.286376953125
.286376953125
.286376953125
.309814453125
.290283203125
.2509765625
.286376953125
.215576171875
.09423828125
0
0
0
0
0
0
.7412109375
.7529296875
.7568359375
.36474609375
.37255859375
.40380859375
.59619140625
.60400390625
.63916015625
.7255859375
.7373046875
.7529296875
.466552734375
.431396484375
.38427734375
.533447265625
.415771484375
.2587890625
.678466796875
.486328125
.2275390625
.65478515625
.454833984375
.196044921875
.40380859375
.282470703125
.15283203125
.576416015625
.517578125
.470703125
.568603515625
.490234375
.40380859375
.65478515625
.584228515625
.498046875
.7412109375
.682373046875
.60791015625
.88623046875
.84716796875
.784423828125
.705810546875
.674560546875
.61572265625
.552978515625
.513671875
.458740234375
.494140625
.458740234375
.419677734375
.458740234375
.447021484375
.427490234375
.2783203125
.2783203125
.2666015625
.60400390625
.59619140625
.576416015625
.7294921875
.709716796875
.682373046875
.584228515625
.564697265625
.533447265625
.447021484375
.431396484375
.407958984375
.341064453125
.333251953125
.313720703125
.313720703125
.313720703125
.298095703125
.282470703125
.286376953125
.2744140625
.313720703125
.313720703125
.282470703125
.38818359375
.39208984375
.36865234375
.39208984375
.39599609375
.38818359375
.35302734375
.34521484375
.317626953125
.38037109375
.34912109375
.2705078125
.36865234375
.286376953125
.13330078125
0
0
0
0
0
0
.7607421875
.7685546875
.7685546875
.423583984375
.419677734375
.439208984375
.658935546875
.65478515625
.674560546875
.7294921875
.7294921875
.7373046875
.411865234375
.427490234375
.427490234375
.38818359375
.34912109375
.2626953125
.61181640625
.466552734375
.2431640625
.65478515625
.478515625
.215576171875
.39208984375
.290283203125
.13330078125
.450927734375
.415771484375
.34521484375
.541259765625
.482421875
.40380859375
.7763671875
.7255859375
.662841796875
.7451171875
.705810546875
.662841796875
.674560546875
.64697265625
.62353515625
.568603515625
.549072265625
.549072265625
.60400390625
.560791015625
.525390625
.572509765625
.533447265625
.490234375
.40380859375
.39208984375
.37255859375
.2783203125
.2783203125
.2744140625
.59619140625
.59619140625
.584228515625
.701904296875
.686279296875
.666748046875
.537353515625
.521484375
.498046875
.509765625
.501953125
.478515625
.431396484375
.427490234375
.411865234375
.333251953125
.337158203125
.325439453125
.35693359375
.36474609375
.35693359375
.37255859375
.37646484375
.35302734375
.427490234375
.431396484375
.407958984375
.450927734375
.454833984375
.435302734375
.39208984375
.37646484375
.313720703125
.38037109375
.333251953125
.207763671875
.458740234375
.37255859375
.184326171875
0
0
0
0
0
0
.7724609375
.7724609375
.7724609375
.517578125
.505859375
.533447265625
.674560546875
.65478515625
.682373046875
.7216796875
.697998046875
.709716796875
.509765625
.537353515625
.556884765625
.305908203125
.325439453125
.302001953125
.549072265625
.470703125
.34521484375
.60791015625
.490234375
.302001953125
.450927734375
.36865234375
.203857421875
.509765625
.470703125
.36474609375
.560791015625
.513671875
.454833984375
.90185546875
.86669921875
.827392578125
.948974609375
.925537109375
.90185546875
.568603515625
.541259765625
.537353515625
.529296875
.509765625
.509765625
.513671875
.474609375
.439208984375
.474609375
.439208984375
.39599609375
.423583984375
.407958984375
.37255859375
.37255859375
.34521484375
.294189453125
.564697265625
.525390625
.462646484375
.658935546875
.62353515625
.572509765625
.59619140625
.576416015625
.541259765625
.439208984375
.423583984375
.39599609375
.341064453125
.333251953125
.313720703125
.2783203125
.282470703125
.2666015625
.341064453125
.34521484375
.341064453125
.411865234375
.407958984375
.38818359375
.439208984375
.427490234375
.38818359375
.470703125
.431396484375
.36474609375
.40380859375
.337158203125
.211669921875
.474609375
.37646484375
.188232421875
.533447265625
.407958984375
.188232421875
0
0
0
0
0
0
.796142578125
.796142578125
.800048828125
.572509765625
.572509765625
.62744140625
.658935546875
.64306640625
.697998046875
.7490234375
.713623046875
.7373046875
.658935546875
.666748046875
.674560546875
.305908203125
.337158203125
.35302734375
.494140625
.490234375
.494140625
.541259765625
.494140625
.443115234375
.541259765625
.474609375
.321533203125
.37646484375
.313720703125
.14501953125
.60400390625
.560791015625
.521484375
.678466796875
.63916015625
.60791015625
.63525390625
.59619140625
.552978515625
.549072265625
.517578125
.458740234375
.443115234375
.415771484375
.34521484375
.443115234375
.415771484375
.35302734375
.39599609375
.39599609375
.36083984375
.411865234375
.39599609375
.341064453125
.439208984375
.35302734375
.2275390625
.670654296875
.560791015625
.407958984375
.61181640625
.541259765625
.427490234375
.580322265625
.552978515625
.494140625
.529296875
.509765625
.462646484375
.427490234375
.411865234375
.38037109375
.305908203125
.298095703125
.282470703125
.309814453125
.309814453125
.302001953125
.36865234375
.36474609375
.36865234375
.39599609375
.35693359375
.321533203125
.419677734375
.325439453125
.215576171875
.490234375
.34521484375
.176513671875
.592041015625
.423583984375
.215576171875
.564697265625
.407958984375
.180419921875
0
0
0
0
0
0
.839111328125
.843017578125
.843017578125
.63916015625
.65087890625
.705810546875
.64306640625
.65478515625
.7216796875
.717529296875
.7216796875
.7607421875
.690185546875
.713623046875
.7294921875
.36865234375
.39990234375
.411865234375
.37646484375
.37646484375
.39990234375
.61181640625
.584228515625
.568603515625
.580322265625
.537353515625
.435302734375
.415771484375
.36474609375
.2392578125
.505859375
.454833984375
.411865234375
.462646484375
.411865234375
.37255859375
.447021484375
.39990234375
.34912109375
.454833984375
.411865234375
.34912109375
.39990234375
.35693359375
.286376953125
.450927734375
.431396484375
.38427734375
.337158203125
.35693359375
.34521484375
.39599609375
.40380859375
.37255859375
.564697265625
.501953125
.39990234375
.462646484375
.37646484375
.2509765625
.2666015625
.2197265625
.12548828125
.501953125
.470703125
.411865234375
.521484375
.494140625
.450927734375
.294189453125
.2705078125
.2392578125
.2353515625
.2197265625
.199951171875
.2275390625
.2197265625
.207763671875
.2783203125
.2744140625
.2548828125
.39990234375
.36474609375
.305908203125
.454833984375
.36865234375
.2509765625
.560791015625
.439208984375
.2666015625
.588134765625
.454833984375
.2509765625
.549072265625
.431396484375
.211669921875
0
0
0
0
0
0
.831298828125
.827392578125
.803955078125
.697998046875
.7216796875
.7529296875
.65478515625
.686279296875
.7412109375
.678466796875
.709716796875
.7568359375
.690185546875
.7216796875
.7373046875
.486328125
.513671875
.521484375
.337158203125
.34521484375
.37646484375
.552978515625
.545166015625
.560791015625
.60009765625
.580322265625
.552978515625
.529296875
.501953125
.435302734375
.407958984375
.35302734375
.313720703125
.302001953125
.2509765625
.215576171875
.525390625
.474609375
.423583984375
.486328125
.435302734375
.37646484375
.505859375
.458740234375
.39208984375
.576416015625
.560791015625
.521484375
.333251953125
.36083984375
.36474609375
.36083984375
.37646484375
.36474609375
.588134765625
.545166015625
.470703125
.517578125
.458740234375
.36474609375
.458740234375
.427490234375
.36083984375
.419677734375
.38818359375
.337158203125
.294189453125
.2666015625
.2275390625
.2509765625
.2314453125
.203857421875
.172607421875
.160888671875
.15283203125
.2548828125
.2431640625
.2353515625
.337158203125
.2705078125
.156982421875
.521484375
.411865234375
.2314453125
.60791015625
.466552734375
.2431640625
.62744140625
.470703125
.211669921875
.60400390625
.450927734375
.176513671875
.592041015625
.435302734375
.180419921875
0
0
0
0
0
0
.7802734375
.7529296875
.705810546875
.7333984375
.7412109375
.7333984375
.670654296875
.690185546875
.709716796875
.682373046875
.701904296875
.7255859375
.694091796875
.713623046875
.7216796875
.564697265625
.584228515625
.59619140625
.337158203125
.35302734375
.38818359375
.466552734375
.474609375
.517578125
.478515625
.486328125
.509765625
.537353515625
.533447265625
.529296875
.564697265625
.525390625
.494140625
.2744140625
.2314453125
.199951171875
.505859375
.462646484375
.423583984375
.423583984375
.38037109375
.337158203125
.568603515625
.525390625
.482421875
.7216796875
.690185546875
.658935546875
.454833984375
.462646484375
.462646484375
.286376953125
.294189453125
.286376953125
.513671875
.466552734375
.40380859375
.537353515625
.486328125
.411865234375
.525390625
.505859375
.462646484375
.34912109375
.337158203125
.305908203125
.199951171875
.192138671875
.172607421875
.203857421875
.199951171875
.196044921875
.184326171875
.192138671875
.203857421875
.35302734375
.35302734375
.36474609375
.474609375
.35693359375
.2353515625
.63916015625
.462646484375
.2666015625
.670654296875
.474609375
.2509765625
.64306640625
.443115234375
.203857421875
.61962890625
.435302734375
.196044921875
.584228515625
.419677734375
.180419921875
0
0
0
0
0
0
.64697265625
.61181640625
.572509765625
.7646484375
.7568359375
.7333984375
.701904296875
.697998046875
.686279296875
.694091796875
.678466796875
.674560546875
.709716796875
.709716796875
.705810546875
.59619140625
.61572265625
.62744140625
.38818359375
.40380859375
.435302734375
.513671875
.529296875
.572509765625
.670654296875
.686279296875
.7255859375
.40380859375
.411865234375
.435302734375
.36474609375
.35302734375
.341064453125
.313720703125
.302001953125
.286376953125
.36474609375
.35302734375
.337158203125
.478515625
.462646484375
.454833984375
.697998046875
.678466796875
.678466796875
.7490234375
.713623046875
.694091796875
.588134765625
.580322265625
.580322265625
.39208984375
.39208984375
.39599609375
.34912109375
.305908203125
.2587890625
.341064453125
.302001953125
.2470703125
.2353515625
.2392578125
.2236328125
.180419921875
.203857421875
.211669921875
.14892578125
.180419921875
.199951171875
.09423828125
.12939453125
.160888671875
.180419921875
.2236328125
.2705078125
.2353515625
.2783203125
.325439453125
.423583984375
.39208984375
.294189453125
.564697265625
.490234375
.321533203125
.564697265625
.482421875
.298095703125
.501953125
.427490234375
.2392578125
.498046875
.443115234375
.2705078125
.470703125
.411865234375
.2470703125
0
0
0
0
0
0
.458740234375
.470703125
.486328125
.7646484375
.784423828125
.784423828125
.694091796875
.697998046875
.690185546875
.697998046875
.662841796875
.658935546875
.709716796875
.701904296875
.701904296875
.541259765625
.564697265625
.576416015625
.325439453125
.341064453125
.35693359375
.588134765625
.60009765625
.62353515625
.960693359375
.968505859375
.98046875
.85888671875
.87060546875
.88232421875
.521484375
.549072265625
.564697265625
.525390625
.552978515625
.576416015625
.584228515625
.61181640625
.64306640625
.690185546875
.713623046875
.7529296875
.7451171875
.7685546875
.815673828125
.7607421875
.7529296875
.7724609375
.658935546875
.674560546875
.709716796875
.490234375
.521484375
.560791015625
.431396484375
.427490234375
.427490234375
.2392578125
.2431640625
.2431640625
.13720703125
.192138671875
.2275390625
.13330078125
.211669921875
.2666015625
.192138671875
.2744140625
.341064453125
.2275390625
.317626953125
.39990234375
.2392578125
.333251953125
.431396484375
.2275390625
.329345703125
.435302734375
.2705078125
.38818359375
.478515625
.282470703125
.39599609375
.466552734375
.305908203125
.407958984375
.470703125
.2705078125
.37646484375
.439208984375
.2314453125
.36083984375
.439208984375
.215576171875
.35302734375
.450927734375
0
0
0
0
0
0
.309814453125
.411865234375
.521484375
.686279296875
.7724609375
.835205078125
.682373046875
.717529296875
.7529296875
.690185546875
.674560546875
.694091796875
.694091796875
.694091796875
.713623046875
.549072265625
.572509765625
.588134765625
.427490234375
.439208984375
.443115234375
.827392578125
.827392578125
.819580078125
.9921875
.98828125
.968505859375
.98828125
.9921875
.98828125
.815673828125
.87841796875
.909912109375
.486328125
.560791015625
.61572265625
.447021484375
.517578125
.584228515625
.486328125
.552978515625
.63525390625
.454833984375
.521484375
.61181640625
.478515625
.521484375
.59619140625
.407958984375
.486328125
.580322265625
.2666015625
.36474609375
.466552734375
.2666015625
.341064453125
.407958984375
.2353515625
.321533203125
.39599609375
.203857421875
.329345703125
.435302734375
.196044921875
.329345703125
.431396484375
.199951171875
.333251953125
.450927734375
.2197265625
.36474609375
.490234375
.2197265625
.36865234375
.513671875
.199951171875
.35693359375
.509765625
.168701171875
.37646484375
.529296875
.199951171875
.407958984375
.552978515625
.2314453125
.423583984375
.556884765625
.188232421875
.38037109375
.517578125
.168701171875
.38037109375
.537353515625
.164794921875
.37255859375
.517578125
0
0
0
0
0
0
.160888671875
.34912109375
.529296875
.37646484375
.537353515625
.658935546875
.564697265625
.658935546875
.7373046875
.658935546875
.682373046875
.7373046875
.697998046875
.713623046875
.7529296875
.64697265625
.666748046875
.682373046875
.64697265625
.65087890625
.64306640625
.964599609375
.960693359375
.929443359375
.9921875
.984375
.945068359375
.89013671875
.90576171875
.89404296875
.431396484375
.533447265625
.60009765625
.2353515625
.34521484375
.435302734375
.207763671875
.313720703125
.411865234375
.192138671875
.298095703125
.411865234375
.192138671875
.294189453125
.419677734375
.188232421875
.282470703125
.39599609375
.176513671875
.309814453125
.450927734375
.164794921875
.317626953125
.470703125
.180419921875
.317626953125
.443115234375
.164794921875
.321533203125
.454833984375
.14892578125
.337158203125
.490234375
.180419921875
.35302734375
.490234375
.180419921875
.34912109375
.494140625
.168701171875
.341064453125
.501953125
.164794921875
.34912109375
.517578125
.180419921875
.36474609375
.545166015625
.180419921875
.36865234375
.537353515625
.196044921875
.37646484375
.537353515625
.215576171875
.37646484375
.529296875
.207763671875
.36865234375
.525390625
.199951171875
.37255859375
.545166015625
.176513671875
.35302734375
.521484375
0
0
0
0
0
0
.11376953125
.35693359375
.552978515625
.11376953125
.341064453125
.509765625
.2314453125
.39990234375
.525390625
.513671875
.60009765625
.690185546875
.65087890625
.701904296875
.7490234375
.517578125
.533447265625
.537353515625
.7607421875
.7412109375
.709716796875
.99609375
.98046875
.948974609375
.945068359375
.960693359375
.960693359375
.552978515625
.62353515625
.686279296875
.2392578125
.36865234375
.498046875
.196044921875
.329345703125
.462646484375
.196044921875
.329345703125
.466552734375
.199951171875
.333251953125
.474609375
.192138671875
.325439453125
.470703125
.196044921875
.329345703125
.454833984375
.184326171875
.337158203125
.458740234375
.164794921875
.329345703125
.458740234375
.15283203125
.321533203125
.450927734375
.13330078125
.309814453125
.443115234375
.13720703125
.325439453125
.470703125
.15283203125
.337158203125
.490234375
.14892578125
.333251953125
.490234375
.164794921875
.34912109375
.509765625
.176513671875
.36083984375
.525390625
.2197265625
.40380859375
.568603515625
.2431640625
.40380859375
.556884765625
.2314453125
.39599609375
.556884765625
.2197265625
.39990234375
.572509765625
.196044921875
.38818359375
.564697265625
.180419921875
.36865234375
.549072265625
.199951171875
.40380859375
.584228515625
0
0
0
0
0
0
.188232421875
.435302734375
.63525390625
.11767578125
.36865234375
.549072265625
.13330078125
.333251953125
.486328125
.286376953125
.415771484375
.533447265625
.501953125
.580322265625
.65478515625
.501953125
.533447265625
.560791015625
.843017578125
.835205078125
.819580078125
1
.9921875
.9765625
.7333984375
.7763671875
.803955078125
.2587890625
.36474609375
.462646484375
.211669921875
.35693359375
.501953125
.196044921875
.34521484375
.490234375
.203857421875
.35302734375
.498046875
.203857421875
.35302734375
.498046875
.180419921875
.325439453125
.474609375
.176513671875
.321533203125
.450927734375
.168701171875
.321533203125
.443115234375
.160888671875
.317626953125
.439208984375
.14111328125
.313720703125
.443115234375
.15283203125
.325439453125
.458740234375
.156982421875
.337158203125
.482421875
.156982421875
.34912109375
.513671875
.168701171875
.36083984375
.525390625
.180419921875
.37255859375
.541259765625
.2314453125
.423583984375
.588134765625
.2431640625
.431396484375
.59619140625
.2509765625
.427490234375
.576416015625
.2314453125
.423583984375
.584228515625
.211669921875
.423583984375
.60400390625
.196044921875
.411865234375
.59619140625
.2744140625
.482421875
.65478515625
.325439453125
.537353515625
.713623046875
0
0
0
0
0
0
.203857421875
.447021484375
.64697265625
.13720703125
.38818359375
.576416015625
.12158203125
.337158203125
.509765625
.160888671875
.325439453125
.478515625
.2587890625
.37255859375
.494140625
.501953125
.568603515625
.64306640625
.87841796875
.89794921875
.917724609375
.941162109375
.960693359375
.968505859375
.486328125
.560791015625
.60009765625
.2275390625
.36083984375
.447021484375
.192138671875
.341064453125
.482421875
.2197265625
.36865234375
.513671875
.211669921875
.36083984375
.505859375
.172607421875
.321533203125
.466552734375
.172607421875
.321533203125
.466552734375
.184326171875
.325439453125
.466552734375
.180419921875
.329345703125
.466552734375
.168701171875
.325439453125
.466552734375
.168701171875
.337158203125
.482421875
.172607421875
.34521484375
.498046875
.172607421875
.35302734375
.513671875
.176513671875
.38037109375
.552978515625
.211669921875
.415771484375
.588134765625
.2275390625
.431396484375
.60400390625
.211669921875
.411865234375
.588134765625
.180419921875
.38037109375
.552978515625
.168701171875
.37255859375
.549072265625
.14111328125
.35693359375
.541259765625
.199951171875
.423583984375
.61962890625
.286376953125
.509765625
.697998046875
.333251953125
.541259765625
.713623046875
.298095703125
.490234375
.662841796875
0
0
0
0
0
0
.196044921875
.431396484375
.63525390625
.13720703125
.38427734375
.584228515625
.11376953125
.34912109375
.541259765625
.13720703125
.337158203125
.521484375
.172607421875
.325439453125
.494140625
.305908203125
.415771484375
.541259765625
.792236328125
.85888671875
.913818359375
.827392578125
.89404296875
.917724609375
.38037109375
.494140625
.549072265625
.2548828125
.407958984375
.494140625
.211669921875
.36865234375
.505859375
.188232421875
.341064453125
.486328125
.2275390625
.38037109375
.521484375
.188232421875
.341064453125
.482421875
.156982421875
.313720703125
.454833984375
.176513671875
.321533203125
.466552734375
.184326171875
.329345703125
.478515625
.188232421875
.341064453125
.494140625
.184326171875
.34912109375
.509765625
.180419921875
.34912109375
.517578125
.199951171875
.38037109375
.549072265625
.15283203125
.36083984375
.541259765625
.15283203125
.36474609375
.545166015625
.188232421875
.39990234375
.580322265625
.184326171875
.39599609375
.576416015625
.15283203125
.36474609375
.545166015625
.10986328125
.333251953125
.521484375
.156982421875
.39599609375
.60009765625
.2626953125
.505859375
.713623046875
.2626953125
.494140625
.690185546875
.180419921875
.38427734375
.556884765625
.199951171875
.37646484375
.545166015625
0
0
0
0
0
0
.196044921875
.423583984375
.63134765625
.13720703125
.38037109375
.576416015625
.12548828125
.36083984375
.560791015625
.12939453125
.34521484375
.552978515625
.160888671875
.34521484375
.541259765625
.180419921875
.329345703125
.490234375
.407958984375
.521484375
.62353515625
.666748046875
.7724609375
.827392578125
.2509765625
.39208984375
.466552734375
.211669921875
.38037109375
.474609375
.203857421875
.36865234375
.501953125
.207763671875
.37255859375
.509765625
.2392578125
.40380859375
.545166015625
.2275390625
.39208984375
.529296875
.211669921875
.37646484375
.513671875
.176513671875
.325439453125
.470703125
.164794921875
.309814453125
.462646484375
.160888671875
.313720703125
.470703125
.180419921875
.34521484375
.509765625
.192138671875
.36083984375
.529296875
.180419921875
.36083984375
.533447265625
.164794921875
.37255859375
.545166015625
.156982421875
.36474609375
.541259765625
.15283203125
.36083984375
.533447265625
.14501953125
.35302734375
.529296875
.156982421875
.36474609375
.541259765625
.172607421875
.39990234375
.592041015625
.2470703125
.490234375
.697998046875
.184326171875
.431396484375
.64306640625
.12158203125
.35302734375
.549072265625
.058837890625
.2353515625
.40380859375
.199951171875
.36474609375
.533447265625
0
0
0
0
0
0
.2666015625
.486328125
.694091796875
.164794921875
.39208984375
.580322265625
.12158203125
.34521484375
.537353515625
.14892578125
.35693359375
.572509765625
.14501953125
.341064453125
.545166015625
.168701171875
.34912109375
.517578125
.164794921875
.309814453125
.443115234375
.2783203125
.419677734375
.521484375
.192138671875
.34912109375
.447021484375
.12158203125
.302001953125
.411865234375
.10595703125
.2783203125
.411865234375
.14892578125
.321533203125
.458740234375
.192138671875
.36474609375
.501953125
.2197265625
.39208984375
.529296875
.2275390625
.39990234375
.537353515625
.207763671875
.36083984375
.501953125
.2197265625
.36865234375
.513671875
.2353515625
.38818359375
.537353515625
.2236328125
.38818359375
.545166015625
.207763671875
.38037109375
.541259765625
.196044921875
.37255859375
.537353515625
.176513671875
.36865234375
.533447265625
.15283203125
.34521484375
.513671875
.12939453125
.325439453125
.490234375
.164794921875
.35693359375
.521484375
.2431640625
.439208984375
.60400390625
.309814453125
.517578125
.701904296875
.286376953125
.513671875
.709716796875
.2197265625
.454833984375
.658935546875
.14892578125
.38037109375
.572509765625
.051025390625
.2509765625
.423583984375
.156982421875
.333251953125
.498046875
0
0
0
0
0
0
.2392578125
.454833984375
.658935546875
.192138671875
.39990234375
.580322265625
.13720703125
.333251953125
.517578125
.168701171875
.35693359375
.560791015625
.15283203125
.35302734375
.545166015625
.164794921875
.36083984375
.525390625
.172607421875
.34521484375
.490234375
.156982421875
.317626953125
.439208984375
.164794921875
.333251953125
.450927734375
.10595703125
.282470703125
.407958984375
.090087890625
.2626953125
.39990234375
.11767578125
.290283203125
.427490234375
.10595703125
.2783203125
.415771484375
.11376953125
.286376953125
.423583984375
.14111328125
.313720703125
.450927734375
.184326171875
.337158203125
.470703125
.2197265625
.37255859375
.501953125
.2431640625
.39599609375
.529296875
.2587890625
.427490234375
.564697265625
.294189453125
.466552734375
.61181640625
.2705078125
.443115234375
.59619140625
.192138671875
.37255859375
.525390625
.168701171875
.34521484375
.498046875
.168701171875
.34521484375
.498046875
.2353515625
.411865234375
.564697265625
.333251953125
.509765625
.666748046875
.427490234375
.61181640625
.7724609375
.36474609375
.568603515625
.7451171875
.2353515625
.450927734375
.64306640625
.10205078125
.321533203125
.509765625
.11376953125
.321533203125
.494140625
.078369140625
.2509765625
.419677734375
0
0
0
0
0
0
.211669921875
.419677734375
.62744140625
.2197265625
.411865234375
.584228515625
.176513671875
.34912109375
.517578125
.168701171875
.337158203125
.525390625
.156982421875
.34912109375
.525390625
.156982421875
.36083984375
.517578125
.156982421875
.341064453125
.482421875
.14892578125
.317626953125
.450927734375
.14111328125
.309814453125
.447021484375
.10205078125
.2705078125
.411865234375
.086181640625
.2587890625
.39599609375
.11376953125
.286376953125
.423583984375
.09814453125
.2705078125
.407958984375
.11376953125
.286376953125
.423583984375
.074462890625
.2470703125
.38427734375
.070556640625
.2275390625
.34912109375
.12548828125
.2744140625
.39208984375
.184326171875
.341064453125
.462646484375
.2392578125
.407958984375
.537353515625
.290283203125
.466552734375
.59619140625
.2587890625
.435302734375
.568603515625
.207763671875
.37646484375
.513671875
.203857421875
.37255859375
.509765625
.176513671875
.341064453125
.482421875
.2626953125
.427490234375
.568603515625
.34912109375
.513671875
.65478515625
.411865234375
.572509765625
.713623046875
.34912109375
.529296875
.686279296875
.188232421875
.38818359375
.568603515625
.09423828125
.302001953125
.486328125
.13330078125
.329345703125
.505859375
.082275390625
.2626953125
.431396484375
0
0
0
0
0
0
0
0
0
0
0
0
0
0
0
0
0
0
0
0
0
0
0
0
0
0
0
0
0
0
0
0
0
0
0
0
0
0
0
0
0
0
0
0
0
0
0
0
0
0
0
0
0
0
0
0
0
0
0
0
0
0
0
0
0
0
0
0
0
0
0
0
0
0
0
0
0
0
0
0
0
0
0
0
0
0
0
0
0
0
0
0
0
0
0
0
0
0
0
0
0
0
0
0
0
