.186767578125
.068359375
.140869140625
.0205078125
-.142578125
-.103271484375
-.119140625
-.09716796875
.048583984375
-.072509765625
-.256591796875
-.10400390625
-.0341796875
-.177734375
-.04931640625
.003662109375
-.066650390625
-.021240234375
.072509765625
-.165283203125
.164794921875
.030517578125
.125732421875
.247802734375
.08740234375
.096435546875
.115966796875
.134765625
-.031494140625
-.12255859375
-.009033203125
-.0341796875
-.08740234375
-.0263671875
.11328125
-.050537109375
.005859375
-.01025390625
-.162841796875
.150634765625
.022705078125
-.192138671875
.16796875
.028564453125
.078857421875
.040283203125
-.080078125
-.08154296875
.154052734375
-.049560546875
.078369140625
.160888671875
.113037109375
-.03759765625
.040771484375
.167724609375
-.10400390625
-.126953125
-.2109375
.025390625
-.18310546875
-.158203125
-.005615234375
.177490234375
.10791015625
.096435546875
-.108154296875
-.207275390625
-.02392578125
-.23388671875
-.219970703125
-.15625
-.26025390625
-.25244140625
-.2724609375
-.17626953125
-.0048828125
-.03125
-.056884765625
-.125
-.248291015625
-.146240234375
.1142578125
.08154296875
-.105224609375
-.091796875
.150634765625
.037353515625
.005859375
.05126953125
-.085693359375
-.162353515625
.112060546875
.04736328125
-.206787109375
.105712890625
.0205078125
-.01904296875
.06787109375
.12744140625
.065673828125
-.17822265625
.18017578125
.099853515625
-.23388671875
.071533203125
-.044677734375
-.148193359375
.017822265625
-.200927734375
-.138916015625
.221923828125
-.051025390625
.115234375
.12255859375
-.0009765625
-.055908203125
.209228515625
-.124267578125
.072265625
.1337890625
-.102783203125
-.01123046875
.083984375
-.118408203125
-.00244140625
.083984375
-.083740234375
-.09375
.154541015625
-.111572265625
.095947265625
-.0908203125
-.185791015625
-.05322265625
-.03466796875
-.13623046875
.071044921875
-.06591796875
.15966796875
.164306640625
-.02294921875
.0615234375
.1640625
.085205078125
-.174560546875
-.13671875
-.06591796875
-.11767578125
.096923828125
-.027587890625
-.214111328125
-.092041015625
.11767578125
.167236328125
-.087646484375
.0234375
.1669921875
-.01171875
.0517578125
-.1201171875
-.193115234375
.0849609375
.225341796875
.14990234375
.194091796875
.180419921875
.088134765625
.0087890625
.0537109375
-.0009765625
-.10107421875
-.1962890625
.13818359375
-.189208984375
-.01708984375
-.044189453125
-.230224609375
-.129150390625
-.117919921875
-.153076171875
-.077392578125
.000732421875
.029052734375
.000732421875
-.146484375
.16162109375
.006103515625
.101806640625
.04248046875
-.174560546875
-.03662109375
.1875
-.10107421875
.01904296875
.161376953125
-.037841796875
.136962890625
-.168701171875
-.06689453125
.065185546875
-.20458984375
-.122802734375
-.0693359375
-.05517578125
-.048095703125
.058837890625
.11669921875
.219970703125
.052490234375
.00146484375
.19970703125
.044189453125
-.10595703125
.036865234375
-.156494140625
.142578125
.13427734375
.06640625
.12158203125
.14111328125
-.01318359375
.056396484375
.0400390625
.086181640625
.152587890625
-.07080078125
-.226318359375
-.086181640625
-.23095703125
-.0498046875
.121337890625
-.1611328125
-.179931640625
-.15771484375
-.0751953125
.046142578125
-.040283203125
.0068359375
.0615234375
-.1337890625
-.0224609375
.222412109375
-.156494140625
.015625
-.008056640625
.09716796875
-.1162109375
-.081298828125
.0654296875
-.027099609375
.03173828125
-.167236328125
.006103515625
.166015625
-.070068359375
-.14892578125
-.012939453125
-.03955078125
.17724609375
.05029296875
-.049560546875
-.00341796875
.11376953125
-.109130859375
.134521484375
-.009521484375
.106201171875
.08251953125
.080322265625
.157958984375
.168701171875
-.016845703125
-.087158203125
-.069580078125
.0439453125
-.09228515625
-.096923828125
-.072998046875
.1201171875
.152099609375
.094482421875
-.080078125
-.12353515625
-.0869140625
-.0400390625
-.0771484375
-.16748046875
.202392578125
.11328125
.12158203125
.081298828125
.0400390625
.01953125
-.043701171875
.061767578125
-.1572265625
-.0205078125
.024658203125
-.085205078125
.052001953125
.0576171875
.042724609375
-.13623046875
.031494140625
.068603515625
-.002685546875
-.00927734375
.10693359375
-.158447265625
.08544921875
.0205078125
-.1650390625
.21923828125
-.065673828125
-.185302734375
.018798828125
.141845703125
-.17626953125
-.056396484375
.16845703125
-.189453125
.04052734375
.157470703125
-.121337890625
.017578125
-.114501953125
.124267578125
-.020263671875
.0576171875
-.12890625
.120849609375
.15087890625
-.117919921875
-.060546875
.003173828125
-.009033203125
-.044189453125
-.0908203125
-.09521484375
-.072998046875
.130126953125
.02392578125
.058349609375
-.075439453125
.120849609375
.106689453125
.11328125
.008056640625
.1337890625
.09619140625
.0693359375
-.23681640625
.078857421875
.06689453125
-.192626953125
.14990234375
.1689453125
-.228759765625
-.02880859375
.104248046875
-.062744140625
.084716796875
.087158203125
-.22705078125
-.0693359375
.25341796875
-.209228515625
-.149658203125
-.06201171875
-.013671875
.010498046875
.14599609375
.052978515625
-.02734375
.19970703125
.083251953125
-.099365234375
-.01806640625
.12158203125
-.006103515625
.128173828125
.170166015625
.076171875
.092529296875
-.06884765625
-.178466796875
.100830078125
-.124267578125
-.157470703125
.195556640625
.079345703125
-.096923828125
.058349609375
-.180419921875
-.154541015625
.0498046875
-.05712890625
.04638671875
.014892578125
.03955078125
.12646484375
.00244140625
-.203369140625
-.151123046875
-.005615234375
-.033203125
-.1083984375
.110107421875
.1982421875
.06689453125
-.00146484375
-.100830078125
.02685546875
-.074462890625
.072509765625
-.17138671875
-.00390625
.06640625
.109130859375
-.1767578125
-.095947265625
-.144287109375
-.107177734375
.10986328125
-.12158203125
-.106689453125
.213623046875
.092041015625
.099609375
.155517578125
-.142578125
.085205078125
-.17138671875
.059326171875
-.0810546875
-.12744140625
.198974609375
-.026123046875
-.095947265625
.072265625
.052978515625
-.207275390625
.114501953125
-.1455078125
-.111083984375
.16455078125
.06982421875
-.0791015625
.13330078125
.009033203125
-.14306640625
.165283203125
0
-.079833984375
.1689453125
-.071533203125
-.028076171875
.03271484375
-.224853515625
-.044189453125
-.203369140625
-.010986328125
-.064697265625
-.123291015625
-.149658203125
.135498046875
.080322265625
-.023681640625
-.14794921875
-.12841796875
-.12158203125
.1220703125
.07763671875
.104736328125
.045654296875
.12109375
.0810546875
.012939453125
-.091796875
.102783203125
.1328125
-.052978515625
.037109375
.04736328125
.079833984375
-.138671875
-.25048828125
-.184326171875
.06298828125
-.0615234375
-.13818359375
-.197509765625
-.112060546875
-.253173828125
.11865234375
.028076171875
.09521484375
-.043701171875
.169677734375
.01171875
.04296875
-.011962890625
.15087890625
-.023193359375
.048583984375
.203857421875
-.01953125
.1552734375
.204345703125
.116455078125
.048828125
.019775390625
.17626953125
-.005615234375
.0009765625
-.038330078125
-.21826171875
.00830078125
-.0322265625
.09521484375
.007080078125
.0703125
-.05224609375
.120849609375
.1396484375
-.174560546875
-.146728515625
.2109375
.010498046875
.143798828125
.136474609375
-.206298828125
.15576171875
.03759765625
-.2607421875
.052734375
.00732421875
-.21142578125
-.062255859375
.100341796875
.035400390625
.18359375
-.0986328125
.10791015625
.2099609375
.039306640625
.208251953125
.21337890625
-.04296875
-.056640625
-.135986328125
-.084228515625
-.220947265625
-.072021484375
.012939453125
-.1884765625
.023193359375
-.04052734375
-.01123046875
-.0126953125
.09326171875
-.06591796875
-.11474609375
-.041259765625
-.01708984375
-.01220703125
-.1279296875
.041748046875
.00390625
.050537109375
.02734375
.103271484375
.03515625
-.05712890625
-.038330078125
-.0654296875
.0283203125
-.02685546875
.02294921875
-.177734375
.21142578125
-.161376953125
-.08349609375
.203125
.020263671875
-.051513671875
.18310546875
-.153076171875
-.222412109375
.135498046875
.1201171875
-.25048828125
.182373046875
-.03271484375
-.10009765625
.044921875
-.0830078125
-.000244140625
-.046630859375
-.10888671875
-.074462890625
.10009765625
-.2646484375
.052978515625
.212890625
-.18408203125
-.094970703125
.018798828125
-.1494140625
-.05615234375
.11865234375
-.079345703125
.108154296875
.20166015625
.101318359375
.080078125
.0078125
-.15673828125
.2607421875
.121826171875
-.01025390625
.14013671875
-.0732421875
-.190185546875
.05615234375
.1328125
-.2451171875
.164306640625
.10693359375
.09814453125
.055419921875
-.1435546875
.015869140625
.18115234375
-.15625
.175048828125
.147216796875
-.05859375
-.110595703125
-.187255859375
.091552734375
.1708984375
.02099609375
-.1875
-.03759765625
-.0478515625
-.1240234375
-.076904296875
-.135498046875
.1279296875
.11767578125
.096923828125
.034912109375
-.1865234375
-.048583984375
-.148681640625
-.01220703125
.05224609375
-.197998046875
.0419921875
.011962890625
.032958984375
-.037109375
.045654296875
-.2158203125
-.021240234375
-.06201171875
.0283203125
.162109375
.1259765625
.100341796875
.137939453125
.01806640625
.101806640625
.16796875
-.087158203125
.0712890625
.114013671875
-.027587890625
-.109130859375
.058349609375
.05126953125
-.1357421875
.1865234375
-.103271484375
.023193359375
.093994140625
-.0615234375
-.202392578125
.15234375
.110595703125
-.2001953125
.0205078125
.119384765625
.101806640625
.11962890625
-.018310546875
-.180908203125
.03369140625
-.04248046875
-.188720703125
-.054931640625
-.031494140625
-.01416015625
.0810546875
-.071533203125
-.026123046875
-.032470703125
.047607421875
.045166015625
-.009521484375
.043701171875
-.008544921875
-.11279296875
.00390625
-.0087890625
.156982421875
.0654296875
.08935546875
-.122802734375
-.00537109375
.01953125
.0517578125
.070556640625
-.08056640625
.14892578125
.028076171875
.04248046875
-.0322265625
.0224609375
-.004150390625
-.074951171875
-.0107421875
-.069091796875
-.040771484375
-.104248046875
-.103759765625
.0830078125
-.07763671875
-.14453125
-.140869140625
-.029296875
.09130859375
.022216796875
-.156005859375
.01611328125
-.116943359375
-.095703125
-.134521484375
-.06201171875
-.00537109375
-.027099609375
.055419921875
-.13232421875
-.1259765625
-.01123046875
.189208984375
.276123046875
-.0029296875
.0478515625
-.06201171875
.115966796875
-.230712890625
-.166015625
-.123046875
.1787109375
.1865234375
.016845703125
-.151611328125
.111083984375
.10009765625
-.15087890625
-.21484375
-.19287109375
.086669921875
.034423828125
-.1376953125
-.0439453125
-.0576171875
.080078125
-.139892578125
-.1728515625
-.043701171875
-.046142578125
-.0712890625
-.044921875
-.046142578125
-.13330078125
-.041748046875
.00634765625
-.0908203125
-.205078125
-.1826171875
.057373046875
.09912109375
.001953125
-.126220703125
-.14208984375
-.064208984375
-.08154296875
.072021484375
-.092529296875
-.026123046875
-.07958984375
.026123046875
-.133544921875
-.172119140625
-.009033203125
-.109375
-.12841796875
.135498046875
-.02099609375
-.2373046875
-.204833984375
-.04638671875
.077880859375
-.052001953125
.046142578125
-.121337890625
.1982421875
.127197265625
-.196533203125
.029052734375
-.09423828125
.00732421875
-.104248046875
.016845703125
.09765625
.1845703125
.062255859375
-.158447265625
.12548828125
-.16650390625
.070556640625
-.08251953125
.092529296875
-.2919921875
-.26806640625
-.100830078125
-.0810546875
-.06640625
-.140380859375
-.0830078125
-.163330078125
-.085693359375
.099609375
-.00927734375
.000732421875
.150390625
.037841796875
.05908203125
.111083984375
-.048095703125
-.152099609375
.080322265625
.206787109375
.251953125
.1953125
.099853515625
.16552734375
.158935546875
.033203125
.012451171875
